300	0.74046	2.5172	1.6774	2.5869
310	0.82067	2.6079	1.7783	2.5784
320	0.90124	2.6959	1.8771	2.5693
330	0.98214	2.7813	1.9738	2.5595
340	1.0634	2.8641	2.0685	2.549
350	1.1449	2.9442	2.1611	2.5379
360	1.2266	3.0219	2.2517	2.5261
370	1.3087	3.097	2.3403	2.5138
380	1.3909	3.1696	2.4269	2.5008
390	1.4734	3.2397	2.5116	2.4872
400	1.5561	3.3073	2.5943	2.4731
410	1.6389	3.3726	2.6751	2.4583
420	1.7219	3.4354	2.754	2.4431
430	1.805	3.4959	2.8311	2.4272
440	1.8882	3.554	2.9062	2.4109
450	1.9715	3.6098	2.9796	2.394
460	2.0548	3.6634	3.0511	2.3766
470	2.1382	3.7146	3.1208	2.3587
480	2.2216	3.7637	3.1887	2.3403
490	2.305	3.8105	3.2549	2.3215
500	2.3884	3.8552	3.3194	2.3021
510	2.4718	3.8977	3.3821	2.2824
520	2.5551	3.9381	3.4432	2.2622
530	2.6383	3.9764	3.5026	2.2415
540	2.7214	4.0126	3.5603	2.2205
550	2.8044	4.0468	3.6164	2.199
560	2.8872	4.079	3.6708	2.1772
570	2.9699	4.1092	3.7237	2.155
580	3.0523	4.1374	3.775	2.1324
590	3.1346	4.1637	3.8248	2.1095
600	3.2167	4.1881	3.873	2.0862
610	3.2984	4.2106	3.9198	2.0626
620	3.38	4.2313	3.965	2.0386
630	3.4612	4.2502	4.0088	2.0144
640	3.5421	4.2672	4.0511	1.9899
650	3.6227	4.2825	4.092	1.9651
660	3.7029	4.2961	4.1314	1.94
670	3.7828	4.3079	4.1695	1.9146
680	3.8622	4.318	4.2062	1.8891
690	3.9412	4.3265	4.2416	1.8632
700	4.0198	4.3334	4.2757	1.8372
710	4.098	4.3387	4.3084	1.8109
720	4.1756	4.3424	4.3399	1.7845
730	4.2528	4.3445	4.3701	1.7579
740	4.3294	4.3451	4.399	1.7311
750	4.4055	4.3442	4.4267	1.7041
760	4.481	4.3419	4.4532	1.677
770	4.556	4.3381	4.4786	1.6497
780	4.6303	4.3329	4.5027	1.6224
790	4.704	4.3263	4.5258	1.5949
800	4.7771	4.3184	4.5477	1.5673
810	4.8495	4.3091	4.5685	1.5396
820	4.9212	4.2985	4.5882	1.5118
830	4.9922	4.2867	4.6069	1.484
840	5.0624	4.2736	4.6245	1.4561
850	5.1319	4.2593	4.6411	1.4282
860	5.2007	4.2438	4.6567	1.4003
870	5.2686	4.2271	4.6713	1.3723
880	5.3357	4.2093	4.685	1.3443
890	5.402	4.1904	4.6977	1.3164
900	5.4675	4.1704	4.7095	1.2884
910	5.532	4.1493	4.7204	1.2605
920	5.5957	4.1272	4.7305	1.2326
930	5.6584	4.1041	4.7396	1.2048
940	5.7202	4.08	4.748	1.1771
950	5.7811	4.055	4.7555	1.1494
960	5.8409	4.0291	4.7622	1.1218
970	5.8998	4.0023	4.7682	1.0944
980	5.9576	3.9746	4.7734	1.067
990	6.0144	3.946	4.7778	1.0398
1000	6.0702	3.9167	4.7816	1.0127
1010	6.1248	3.8866	4.7846	0.98574
1020	6.1783	3.8557	4.787	0.95897
1030	6.2307	3.8241	4.7888	0.93237
1040	6.282	3.7917	4.7899	0.90596
1050	6.3321	3.7587	4.7903	0.87975
1060	6.381	3.7251	4.7902	0.85375
1070	6.4286	3.6908	4.7896	0.82797
1080	6.4751	3.656	4.7883	0.80244
1090	6.5203	3.6206	4.7866	0.77714
1100	6.5642	3.5846	4.7843	0.75211
1110	6.6068	3.5482	4.7816	0.72735
1120	6.6481	3.5112	4.7783	0.70288
1130	6.6881	3.4738	4.7747	0.6787
1140	6.7267	3.436	4.7706	0.65483
1150	6.764	3.3978	4.7661	0.63128
1160	6.7998	3.3592	4.7612	0.60806
1170	6.8342	3.3202	4.7559	0.58519
1180	6.8672	3.2809	4.7503	0.56267
1190	6.8987	3.2414	4.7444	0.54052
1200	6.9287	3.2015	4.7381	0.51875
1210	6.9573	3.1615	4.7316	0.49738
1220	6.9843	3.1212	4.7248	0.47641
1230	7.0097	3.0807	4.7178	0.45585
1240	7.0336	3.0401	4.7105	0.43572
1250	7.0559	2.9994	4.703	0.41604
1260	7.0766	2.9585	4.6954	0.39681
1270	7.0956	2.9176	4.6876	0.37804
1280	7.113	2.8767	4.6796	0.35975
1290	7.1288	2.8357	4.6716	0.34194
1300	7.1428	2.7947	4.6634	0.32464
1310	7.1552	2.7538	4.6552	0.30785
1320	7.1658	2.7129	4.6468	0.29159
1330	7.1746	2.6721	4.6385	0.27586
1340	7.1817	2.6315	4.6301	0.26068
1350	7.187	2.5909	4.6217	0.24607
1360	7.1904	2.5506	4.6134	0.23202
1370	7.192	2.5105	4.6051	0.21856
1380	7.1918	2.4705	4.5968	0.2057
1390	7.1897	2.4309	4.5887	0.19345
1400	7.1856	2.3915	4.5806	0.18182
1410	7.1797	2.3524	4.5727	0.17082
1420	7.1718	2.3137	4.5649	0.16047
1430	7.1619	2.2753	4.5572	0.15078
1440	7.1501	2.2373	4.5498	0.14175
1450	7.1362	2.1998	4.5426	0.13341
1460	7.1204	2.1626	4.5355	0.12576
1470	7.1025	2.126	4.5288	0.11881
1480	7.0825	2.0898	4.5223	0.11258
1490	7.0604	2.0542	4.5161	0.10709
1500	7.0362	2.0192	4.5101	0.10233
1510	7.0099	1.9847	4.5046	0.09833
1520	6.9814	1.9508	4.4993	0.09509
1530	6.9508	1.9176	4.4945	0.09263
1540	6.9179	1.885	4.49	0.09097
1550	6.8829	1.8531	4.4859	0.0901
1560	6.8456	1.822	4.4823	0.09005
1570	6.8061	1.7916	4.4791	0.09082
1580	6.7642	1.7619	4.4764	0.09243
1590	6.7201	1.7331	4.4742	0.09489
1600	6.6737	1.7051	4.4724	0.09821
1610	6.6249	1.6779	4.4713	0.10241
1620	6.5738	1.6516	4.4706	0.1075
1630	6.5202	1.6263	4.4706	0.11348
1640	6.4643	1.6019	4.4711	0.12037
1650	6.406	1.5784	4.4722	0.12819
1660	6.3452	1.5559	4.474	0.13693
1670	6.2819	1.5345	4.4765	0.14663
1680	6.2162	1.5141	4.4796	0.15728
1690	6.1479	1.4947	4.4834	0.16891
1700	6.0771	1.4765	4.4879	0.18152
1710	6.0038	1.4594	4.4932	0.19512
1720	5.9279	1.4435	4.4992	0.20973
1730	5.8494	1.4287	4.506	0.22535
1740	5.7683	1.4152	4.5135	0.24201
1750	5.6846	1.4029	4.5219	0.25971
