300	2.139130	2.399030
301	2.154500	2.402000
302	2.169800	2.404880
303	2.185020	2.407760
304	2.200090	2.410660
305	2.214680	2.413930
306	2.228660	2.417780
307	2.239080	2.425260
308	2.265780	2.415400
309	2.308380	2.388630
310	2.314360	2.400150
311	2.320330	2.411620
312	2.334230	2.414650
313	2.348970	2.416640
314	2.364080	2.418130
315	2.379500	2.419070
316	2.395010	2.419800
317	2.410590	2.420320
318	2.426230	2.420520
319	2.441890	2.420600
320	2.457570	2.420480
321	2.473270	2.420140
322	2.488970	2.419680
323	2.504650	2.418990
324	2.520340	2.418140
325	2.536010	2.417170
326	2.551660	2.415950
327	2.567290	2.414630
328	2.582890	2.413130
329	2.598470	2.411430
330	2.614030	2.409630
331	2.629530	2.407600
332	2.645010	2.405440
333	2.660460	2.403160
334	2.675840	2.400640
335	2.691200	2.398010
336	2.706510	2.395220
337	2.721760	2.392250
338	2.736960	2.389170
339	2.752110	2.385890
340	2.767190	2.382460
341	2.782240	2.378940
342	2.797190	2.375170
343	2.812090	2.371310
344	2.826930	2.367300
345	2.841680	2.363110
346	2.856390	2.358820
347	2.870990	2.354350
348	2.885520	2.349740
349	2.900010	2.345040
350	2.914360	2.340110
351	2.928660	2.335100
352	2.942880	2.329950
353	2.956990	2.324630
354	2.971030	2.319220
355	2.984970	2.313650
356	2.998810	2.307950
357	3.012590	2.302160
358	3.026220	2.296180
359	3.039780	2.290110
360	3.053240	2.283930
361	3.066570	2.277590
362	3.079840	2.271170
363	3.092980	2.264610
364	3.106010	2.257930
365	3.118960	2.251190
366	3.131750	2.244260
367	3.144470	2.237260
368	3.157080	2.230170
369	3.169530	2.222940
370	3.181910	2.215640
371	3.194150	2.208220
372	3.206270	2.200700
373	3.218320	2.193120
374	3.230170	2.185400
375	3.241940	2.177610
376	3.253610	2.169740
377	3.265110	2.161760
378	3.276540	2.153720
379	3.287810	2.145580
380	3.298950	2.137360
381	3.310010	2.129090
382	3.320880	2.120710
383	3.331660	2.112270
384	3.342340	2.103780
385	3.352830	2.095180
386	3.363240	2.086550
387	3.373510	2.077840
388	3.383630	2.069070
389	3.393680	2.060250
390	3.403530	2.051360
391	3.413280	2.042420
392	3.422920	2.033450
393	3.432390	2.024400
394	3.441770	2.015310
395	3.451010	2.006180
396	3.460100	1.997000
397	3.469110	1.987790
398	3.477940	1.978520
399	3.486660	1.969230
400	3.495280	1.959900
401	3.503720	1.950530
402	3.512070	1.941140
403	3.520290	1.931720
404	3.528360	1.922260
405	3.536350	1.912790
406	3.544170	1.903280
407	3.551880	1.893760
408	3.559500	1.884220
409	3.566930	1.874660
410	3.574280	1.865090
411	3.581510	1.855500
412	3.588590	1.845900
413	3.595590	1.836290
414	3.602420	1.826670
415	3.609160	1.817050
416	3.615810	1.807410
417	3.622280	1.797770
418	3.628670	1.788140
419	3.634940	1.778500
420	3.641080	1.768860
421	3.647140	1.759220
422	3.653050	1.749590
423	3.658860	1.739960
424	3.664590	1.730340
425	3.670150	1.720730
426	3.675640	1.711120
427	3.681020	1.701530
428	3.686260	1.691950
429	3.691440	1.682380
430	3.696480	1.672830
431	3.701420	1.663290
432	3.706300	1.653760
433	3.711010	1.644260
434	3.715650	1.634770
435	3.720210	1.625300
436	3.724630	1.615860
437	3.728990	1.606440
438	3.733220	1.597030
439	3.737370	1.587660
440	3.741450	1.578290
441	3.745380	1.568980
442	3.749260	1.559680
443	3.753050	1.550400
444	3.756710	1.541150
445	3.760330	1.531930
446	3.763830	1.522740
447	3.767240	1.513590
448	3.770600	1.504460
449	3.773830	1.495370
450	3.777000	1.486310
451	3.780090	1.477270
452	3.783080	1.468280
453	3.786010	1.459310
454	3.788850	1.450390
455	3.791610	1.441500
456	3.794310	1.432630
457	3.796900	1.423820
458	3.799440	1.415030
459	3.801910	1.406280
460	3.804280	1.397570
461	3.806600	1.388900
462	3.808840	1.380260
463	3.811010	1.371670
464	3.813130	1.363100
465	3.815150	1.354590
466	3.817120	1.346110
467	3.819030	1.337670
468	3.820850	1.329280
469	3.822630	1.320920
470	3.824340	1.312590
471	3.825980	1.304320
472	3.827580	1.296080
473	3.829100	1.287900
474	3.830560	1.279740
475	3.831980	1.271620
476	3.833320	1.263560
477	3.834620	1.255530
478	3.835860	1.247540
479	3.837030	1.239600
480	3.838170	1.231700
481	3.839240	1.223840
482	3.840260	1.216020
483	3.841240	1.208240
484	3.842150	1.200520
485	3.843020	1.192830
486	3.843850	1.185180
487	3.844610	1.177580
488	3.845350	1.170010
489	3.846020	1.162490
490	3.846660	1.155020
491	3.847260	1.147570
492	3.847790	1.140200
493	3.848290	1.132850
494	3.848750	1.125540
495	3.849160	1.118280
496	3.849550	1.111060
497	3.849880	1.103880
498	3.850170	1.096750
499	3.850430	1.089640
500	3.850640	1.082600
501	3.850820	1.075580
502	3.850970	1.068610
503	3.851070	1.061690
504	3.851140	1.054800
505	3.851170	1.047960
506	3.851170	1.041170
507	3.851140	1.034400
508	3.851070	1.027690
509	3.850970	1.021010
510	3.850840	1.014360
511	3.850670	1.007770
512	3.850480	1.001210
513	3.850250	0.994700
514	3.849990	0.988230
515	3.849710	0.981780
516	3.849390	0.975400
517	3.849050	0.969050
518	3.848680	0.962720
519	3.848280	0.956460
520	3.847860	0.950210
521	3.847410	0.944020
522	3.846930	0.937870
523	3.846430	0.931740
524	3.845900	0.925670
525	3.845350	0.919620
526	3.844780	0.913610
527	3.844180	0.907660
528	3.843560	0.901730
529	3.842920	0.895830
530	3.842250	0.889990
531	3.841570	0.884160
532	3.840860	0.878390
533	3.840130	0.872650
534	3.839380	0.866940
535	3.838610	0.861280
536	3.837820	0.855650
537	3.837020	0.850050
538	3.836190	0.844500
539	3.835340	0.838970
540	3.834480	0.833490
541	3.833600	0.828030
542	3.832700	0.822600
543	3.831780	0.817230
544	3.830850	0.811880
545	3.829910	0.806560
546	3.828940	0.801290
547	3.827960	0.796040
548	3.826970	0.790830
549	3.825960	0.785660
550	3.824940	0.780500
551	3.823890	0.775400
552	3.822840	0.770320
553	3.821780	0.765270
554	3.820690	0.760270
555	3.819600	0.755280
556	3.818490	0.750340
557	3.817370	0.745420
558	3.816250	0.740530
559	3.815100	0.735690
560	3.813940	0.730860
561	3.812780	0.726070
562	3.811600	0.721320
563	3.810410	0.716590
564	3.809210	0.711890
565	3.808000	0.707220
566	3.806780	0.702580
567	3.805550	0.697980
568	3.804310	0.693400
569	3.803060	0.688850
570	3.801800	0.684330
571	3.800530	0.679840
572	3.799250	0.675380
573	3.797960	0.670950
574	3.796670	0.666540
575	3.795360	0.662170
576	3.794050	0.657830
577	3.792730	0.653500
578	3.791400	0.649220
579	3.790070	0.644950
580	3.788730	0.640710
581	3.787370	0.636510
582	3.786020	0.632320
583	3.784650	0.628170
584	3.783280	0.624040
585	3.781910	0.619940
586	3.780520	0.615870
587	3.779130	0.611820
588	3.777740	0.607790
589	3.776330	0.603800
590	3.774930	0.599820
591	3.773510	0.595880
592	3.772090	0.591960
593	3.770670	0.588060
594	3.769240	0.584190
595	3.767810	0.580340
596	3.766370	0.576520
597	3.764930	0.572720
598	3.763480	0.568950
599	3.762030	0.565200
600	3.760570	0.561470
601	3.759110	0.557770
602	3.757640	0.554090
603	3.756170	0.550440
604	3.754700	0.546800
605	3.753220	0.543200
606	3.751740	0.539610
607	3.750260	0.536040
608	3.748770	0.532510
609	3.747280	0.528980
610	3.745790	0.525490
611	3.744290	0.522020
612	3.742790	0.518550
613	3.741290	0.515130
614	3.739780	0.511720
615	3.738280	0.508330
616	3.736770	0.504970
617	3.735250	0.501620
618	3.733740	0.498300
619	3.732220	0.494990
620	3.730700	0.491700
621	3.729180	0.488450
622	3.727660	0.485210
623	3.726130	0.481980
624	3.724600	0.478780
625	3.723070	0.475600
626	3.721540	0.472440
627	3.720010	0.469300
628	3.718480	0.466170
629	3.716940	0.463070
630	3.715400	0.459990
631	3.713870	0.456920
632	3.712330	0.453880
633	3.710790	0.450850
634	3.709250	0.447840
635	3.707700	0.444850
636	3.706160	0.441880
637	3.704620	0.438930
638	3.703070	0.435990
639	3.701530	0.433070
640	3.699980	0.430180
641	3.698430	0.427300
642	3.696880	0.424430
643	3.695340	0.421590
644	3.693790	0.418760
645	3.692240	0.415950
646	3.690690	0.413160
647	3.689140	0.410380
648	3.687590	0.407620
649	3.686040	0.404880
650	3.684490	0.402150
651	3.682940	0.399450
652	3.681390	0.396750
653	3.679840	0.394080
654	3.678290	0.391420
655	3.676740	0.388770
656	3.675190	0.386150
657	3.673640	0.383540
658	3.672090	0.380940
659	3.670540	0.378360
660	3.668990	0.375800
661	3.667440	0.373250
662	3.665890	0.370720
663	3.664350	0.368200
664	3.662800	0.365700
665	3.661250	0.363210
666	3.659710	0.360740
667	3.658160	0.358280
668	3.656620	0.355840
669	3.655070	0.353410
670	3.653530	0.351000
671	3.651990	0.348600
672	3.650440	0.346220
673	3.648900	0.343850
674	3.647360	0.341490
675	3.645830	0.339150
676	3.644290	0.336820
677	3.642750	0.334510
678	3.641210	0.332210
679	3.639680	0.329930
680	3.638140	0.327650
681	3.636610	0.325400
682	3.635080	0.323150
683	3.633550	0.320920
684	3.632020	0.318700
685	3.630490	0.316490
686	3.628960	0.314310
687	3.627430	0.312130
688	3.625910	0.309960
689	3.624390	0.307810
690	3.622860	0.305670
691	3.621340	0.303540
692	3.619820	0.301430
693	3.618300	0.299320
694	3.616780	0.297240
695	3.615270	0.295160
696	3.613750	0.293090
697	3.612240	0.291040
698	3.610730	0.289000
699	3.609220	0.286970
700	3.607710	0.284960
701	3.606200	0.282950
702	3.604700	0.280960
703	3.603200	0.278980
704	3.601690	0.277010
705	3.600190	0.275060
706	3.598690	0.273110
707	3.597190	0.271170
708	3.595700	0.269250
709	3.594200	0.267340
710	3.592710	0.265440
711	3.591220	0.263550
712	3.589730	0.261670
713	3.588240	0.259810
714	3.586760	0.257950
715	3.585270	0.256110
716	3.583790	0.254270
717	3.582310	0.252450
718	3.580830	0.250640
719	3.579350	0.248840
720	3.577880	0.247040
721	3.576400	0.245260
722	3.574930	0.243490
723	3.573460	0.241730
724	3.571990	0.239990
725	3.570530	0.238250
726	3.569060	0.236520
727	3.567600	0.234800
728	3.566140	0.233090
729	3.564680	0.231390
730	3.563230	0.229700
731	3.561770	0.228020
732	3.560320	0.226360
733	3.558870	0.224700
734	3.557420	0.223050
735	3.555970	0.221410
736	3.554520	0.219780
737	3.553080	0.218160
738	3.551640	0.216550
739	3.550200	0.214940
740	3.548760	0.213350
741	3.547330	0.211770
742	3.545900	0.210200
743	3.544470	0.208630
744	3.543040	0.207080
745	3.541610	0.205530
746	3.540180	0.204000
747	3.538760	0.202470
748	3.537340	0.200950
749	3.535920	0.199440
750	3.534500	0.197940
751	3.533090	0.196450
752	3.531670	0.194960
753	3.530260	0.193490
754	3.528850	0.192020
755	3.527450	0.190560
756	3.526040	0.189110
757	3.524640	0.187670
758	3.523240	0.186240
759	3.521840	0.184820
760	3.520450	0.183400
761	3.519050	0.181990
762	3.517660	0.180600
763	3.516270	0.179210
764	3.514880	0.177820
765	3.513500	0.176450
766	3.512110	0.175080
767	3.510730	0.173730
768	3.509350	0.172380
769	3.507980	0.171030
770	3.506600	0.169700
771	3.505230	0.168370
772	3.503860	0.167050
773	3.502490	0.165750
774	3.501120	0.164440
775	3.499760	0.163150
776	3.498400	0.161860
777	3.497040	0.160580
778	3.495680	0.159310
779	3.494320	0.158040
780	3.492970	0.156780
781	3.491620	0.155530
782	3.490270	0.154290
783	3.488920	0.153050
784	3.487580	0.151830
785	3.486240	0.150610
786	3.484900	0.149390
787	3.483560	0.148190
788	3.482220	0.146990
789	3.480890	0.145800
790	3.479560	0.144610
791	3.478230	0.143430
792	3.476900	0.142260
793	3.475580	0.141100
794	3.474250	0.139940
795	3.472930	0.138790
796	3.471610	0.137650
797	3.470300	0.136510
798	3.468980	0.135380
799	3.467670	0.134260
800	3.466360	0.133140
		
		
		
		
		
		
		
		
		
		
		
		
		
		
		
		
		
		
		
		
		
		
		
		
		
		
		
		
		
		
		
		
		
		
		
		
		
		
		
		
		
		
		
		
		
		
		
		
		
		
		
		
		
		
		
		
		
		
		
		
		
		
		
		
		
		
		
		
		
		
		
		
		
		
		
		
		
		
		
		
		
		
		
		
		
		
		
		
		
		
		
		
		
		
		
		
		
		
		
		
		
		
		
		
		
		
		
		
		
		
		
		
		
		
		
		
		
		
		
		
		
		
		
		
		
		
		
		
		
		
		
		
		
		
		
		
		
		
		
		
		
		
		
		
		
		
		
		
		
		
		
		
		
		
		
		
		
		
		
		
		
		
		
		
		
		
		
		
		
		
		
		
		
		
		
		
		
		
		
		
		
		
		
		
		
		
		
		
		
		
		
		
		
		
		
		
		
		
		
		
		
		
		
		
		
		
