300 1.55699	0.83649
301	1.52028	0.81556
302	1.48356	0.79463
303	1.44685	0.77371
304	1.41013	0.75278
305	1.37342	0.73185
306	1.3367	0.71092
307	1.29999	0.69
308	1.26327	0.66907
309	1.22655	0.64814
310	1.18984	0.62721
311	1.15312	0.60629
312	1.11501	0.58871
313	1.07249	0.58324
314	1.02997	0.57777
315	0.98744	0.5723
316	0.94492	0.56683
317	0.9024	0.56136
318	0.85987	0.5559
319	0.81845	0.56357
320	0.77735	0.57599
321	0.73624	0.58841
322	0.69514	0.60083
323	0.65404	0.61324
324	0.61294	0.62566
325	0.57403	0.63965
326	0.54594	0.66531
327	0.51785	0.69097
328	0.48977	0.71663
329	0.46168	0.7423
330	0.4336	0.76796
331	0.40551	0.79362
332	0.38326	0.81936
333	0.36884	0.84524
334	0.35441	0.87112
335	0.33998	0.897
336	0.32555	0.92288
337	0.31112	0.94876
338	0.29669	0.97464
339	0.28596	0.99869
340	0.27828	1.02066
341	0.27061	1.04263
342	0.26293	1.0646
343	0.25526	1.08657
344	0.24758	1.10854
345	0.23991	1.13051
346	0.23385	1.15108
347	0.22928	1.16981
348	0.22471	1.18854
349	0.22013	1.20727
350	0.21556	1.226
351	0.21099	1.24473
352	0.20641	1.26346
353	0.20242	1.28161
354	0.19947	1.29803
355	0.19653	1.31444
356	0.19358	1.33086
357	0.19064	1.34727
358	0.1877	1.36369
359	0.18475	1.3801
360	0.18184	1.39651
361	0.17987	1.41139
362	0.17789	1.42613
363	0.17591	1.44086
364	0.17394	1.45559
365	0.17196	1.47032
366	0.16998	1.48506
367	0.16801	1.49979
368	0.16638	1.51398
369	0.16503	1.52745
370	0.16367	1.54091
371	0.16232	1.55438
372	0.16096	1.56784
373	0.15961	1.58131
374	0.15825	1.59477
375	0.1569	1.60824
376	0.15593	1.62092
377	0.155	1.6334
378	0.15406	1.64588
379	0.15312	1.65835
380	0.15219	1.67083
381	0.15125	1.68331
382	0.15031	1.69579
383	0.14942	1.70826
384	0.14877	1.71996
385	0.14813	1.73165
386	0.14748	1.74334
387	0.14683	1.75503
388	0.14619	1.76672
389	0.14554	1.77841
390	0.14489	1.7901
391	0.14429	1.80177
392	0.14385	1.81282
393	0.1434	1.82387
394	0.14296	1.83492
395	0.14252	1.84597
396	0.14208	1.85701
397	0.14164	1.86806
398	0.1412	1.87911
399	0.14077	1.89016
400	0.14048	1.90073
401	0.14018	1.91125
402	0.13989	1.92178
403	0.13959	1.9323
404	0.1393	1.94282
405	0.139	1.95334
406	0.13871	1.96386
407	0.13842	1.97438
408	0.13821	1.98463
409	0.13802	1.99471
410	0.13783	2.00479
411	0.13765	2.01487
412	0.13746	2.02495
413	0.13727	2.03503
414	0.13708	2.04511
415	0.1369	2.05519
416	0.13674	2.06522
417	0.13663	2.07493
418	0.13652	2.08463
419	0.13641	2.09434
420	0.1363	2.10405
421	0.13619	2.11375
422	0.13608	2.12346
423	0.13597	2.13317
424	0.13586	2.14288
425	0.13579	2.15243
426	0.13574	2.16182
427	0.13569	2.17121
428	0.13564	2.1806
429	0.13559	2.18999
430	0.13553	2.19939
431	0.13548	2.20878
432	0.13543	2.21817
433	0.13538	2.22756
434	0.13537	2.23677
435	0.13536	2.24589
436	0.13535	2.25501
437	0.13534	2.26413
438	0.13533	2.27325
439	0.13532	2.28237
440	0.13531	2.29149
441	0.1353	2.30061
442	0.13529	2.30973
443	0.13531	2.31869
444	0.13534	2.32758
445	0.13536	2.33646
446	0.13538	2.34535
447	0.13541	2.35423
448	0.13543	2.36312
449	0.13545	2.372
450	0.13548	2.38089
451	0.1355	2.38977
452	0.13554	2.39856
453	0.13559	2.40725
454	0.13563	2.41593
455	0.13568	2.42461
456	0.13573	2.43329
457	0.13578	2.44197
458	0.13582	2.45065
459	0.13587	2.45933
460	0.13592	2.46801
461	0.13597	2.47668
462	0.13604	2.48518
463	0.1361	2.49369
464	0.13617	2.50219
465	0.13624	2.51069
466	0.1363	2.51919
467	0.13637	2.5277
468	0.13643	2.5362
469	0.1365	2.5447
470	0.13656	2.5532
471	0.13664	2.56163
472	0.13672	2.56997
473	0.1368	2.57832
474	0.13688	2.58666
475	0.13696	2.59501
476	0.13704	2.60335
477	0.13712	2.6117
478	0.1372	2.62004
479	0.13728	2.62839
480	0.13736	2.63674
481	0.13746	2.64498
482	0.13755	2.65319
483	0.13764	2.6614
484	0.13773	2.6696
485	0.13782	2.67781
486	0.13791	2.68601
487	0.138	2.69422
488	0.1381	2.70243
489	0.13819	2.71063
490	0.13828	2.71884
491	0.13838	2.72696
492	0.13848	2.73504
493	0.13858	2.74312
494	0.13868	2.7512
495	0.13878	2.75928
496	0.13888	2.76737
497	0.13898	2.77545
498	0.13908	2.78353
499	0.13918	2.79161
500	0.13928	2.7997
501	0.13939	2.80772
502	0.1395	2.81569
503	0.13961	2.82366
504	0.13971	2.83164
505	0.13982	2.83961
506	0.13993	2.84758
507	0.14004	2.85555
508	0.14015	2.86352
509	0.14025	2.87149
510	0.14036	2.87947
511	0.14047	2.88743
512	0.14059	2.8953
513	0.1407	2.90317
514	0.14081	2.91104
515	0.14093	2.91891
516	0.14104	2.92679
517	0.14116	2.93466
518	0.14127	2.94253
519	0.14138	2.9504
520	0.1415	2.95828
521	0.14161	2.96615
522	0.14173	2.97398
523	0.14185	2.98176
524	0.14197	2.98954
525	0.14209	2.99732
526	0.14221	3.00511
527	0.14233	3.01289
528	0.14245	3.02067
529	0.14257	3.02846
530	0.14268	3.03624
531	0.1428	3.04402
532	0.14292	3.0518
533	0.14305	3.05953
534	0.14317	3.06724
535	0.1433	3.07494
536	0.14342	3.08264
537	0.14354	3.09034
538	0.14367	3.09804
539	0.14379	3.10574
540	0.14391	3.11345
541	0.14404	3.12115
542	0.14416	3.12885
543	0.14429	3.13655
544	0.14441	3.14421
545	0.14454	3.15184
546	0.14467	3.15947
547	0.1448	3.16709
548	0.14493	3.17472
549	0.14505	3.18235
550	0.14518	3.18998
551	0.14531	3.19761
552	0.14544	3.20523
553	0.14557	3.21286
554	0.14569	3.22049
555	0.14583	3.2281
556	0.14596	3.23566
557	0.14609	3.24322
558	0.14622	3.25078
559	0.14635	3.25834
560	0.14649	3.2659
561	0.14662	3.27347
562	0.14675	3.28103
563	0.14688	3.28859
564	0.14701	3.29615
565	0.14715	3.30371
566	0.14728	3.31127
567	0.14741	3.31879
568	0.14755	3.32629
569	0.14769	3.33379
570	0.14782	3.34128
571	0.14796	3.34878
572	0.14809	3.35628
573	0.14823	3.36378
574	0.14836	3.37128
575	0.1485	3.37878
576	0.14863	3.38628
577	0.14877	3.39378
578	0.14891	3.40128
579	0.14905	3.40873
580	0.14919	3.41617
581	0.14932	3.42361
582	0.14946	3.43106
583	0.1496	3.4385
584	0.14974	3.44594
585	0.14988	3.45339
586	0.15002	3.46083
587	0.15016	3.46827
588	0.1503	3.47572
589	0.15044	3.48316
590	0.15058	3.49061
591	0.15072	3.498
592	0.15086	3.50539
593	0.15101	3.51278
594	0.15115	3.52017
595	0.15129	3.52757
596	0.15143	3.53496
597	0.15158	3.54235
598	0.15172	3.54974
599	0.15186	3.55713
600	0.15201	3.56452
601	0.15215	3.57192
602	0.15229	3.57931
603	0.15244	3.58667
604	0.15258	3.59401
605	0.15273	3.60135
606	0.15288	3.6087
607	0.15302	3.61604
608	0.15317	3.62339
609	0.15331	3.63073
610	0.15346	3.63807
611	0.15361	3.64542
612	0.15375	3.65276
613	0.1539	3.66011
614	0.15404	3.66745
615	0.15419	3.67479
616	0.15434	3.68209
617	0.15449	3.68939
618	0.15464	3.69669
619	0.15479	3.70399
620	0.15494	3.71129
621	0.15509	3.71859
622	0.15524	3.72589
623	0.15539	3.73319
624	0.15554	3.74049
625	0.15569	3.74779
626	0.15584	3.75509
627	0.15599	3.76239
628	0.15614	3.76967
629	0.15629	3.77693
630	0.15645	3.78419
631	0.1566	3.79145
632	0.15675	3.79871
633	0.15691	3.80597
634	0.15706	3.81323
635	0.15721	3.82049
636	0.15736	3.82775
637	0.15752	3.83501
638	0.15767	3.84226
639	0.15782	3.84952
640	0.15798	3.85678
641	0.15813	3.86403
642	0.15829	3.87125
643	0.15845	3.87847
644	0.1586	3.88569
645	0.15876	3.89291
646	0.15892	3.90014
647	0.15907	3.90736
648	0.15923	3.91458
649	0.15939	3.9218
650	0.15954	3.92902
651	0.1597	3.93624
652	0.15986	3.94346
653	0.16001	3.95069
654	0.16017	3.95791
655	0.16033	3.96509
656	0.16049	3.97228
657	0.16065	3.97946
658	0.16081	3.98665
659	0.16097	3.99384
660	0.16113	4.00102
661	0.16129	4.00821
662	0.16145	4.0154
663	0.16161	4.02258
664	0.16177	4.02977
665	0.16193	4.03695
666	0.16209	4.04414
667	0.16225	4.05133
668	0.16242	4.0585
669	0.16258	4.06565
670	0.16274	4.07281
671	0.16291	4.07996
672	0.16307	4.08711
673	0.16324	4.09427
674	0.1634	4.10142
675	0.16356	4.10857
676	0.16373	4.11573
677	0.16389	4.12288
678	0.16406	4.13003
679	0.16422	4.13719
680	0.16438	4.14434
681	0.16455	4.15149
682	0.16472	4.15863
683	0.16488	4.16575
684	0.16505	4.17287
685	0.16522	4.18
686	0.16539	4.18712
687	0.16555	4.19424
688	0.16572	4.20137
689	0.16589	4.20849
690	0.16606	4.21561
691	0.16622	4.22273
692	0.16639	4.22986
693	0.16656	4.23698
694	0.16673	4.2441
695	0.16689	4.25123
696	0.16707	4.25834
697	0.16724	4.26543
698	0.16741	4.27253
699	0.16758	4.27962
700	0.16775	4.28671
701	0.16792	4.29381
702	0.16809	4.3009
703	0.16827	4.308
704	0.16844	4.31509
705	0.16861	4.32218
706	0.16878	4.32928
707	0.16895	4.33637
708	0.16912	4.34347
709	0.16929	4.35056
710	0.16947	4.35766
711	0.16964	4.36472
712	0.16982	4.37179
713	0.16999	4.37886
714	0.17017	4.38593
715	0.17034	4.39299
716	0.17052	4.40006
717	0.1707	4.40713
718	0.17087	4.4142
719	0.17105	4.42126
720	0.17122	4.42833
721	0.1714	4.4354
722	0.17157	4.44246
723	0.17175	4.44953
724	0.17192	4.4566
725	0.1721	4.46366
726	0.17228	4.4707
727	0.17246	4.47775
728	0.17264	4.48479
729	0.17282	4.49183
730	0.173	4.49887
731	0.17318	4.50592
732	0.17336	4.51296
733	0.17354	4.52
734	0.17372	4.52704
735	0.1739	4.53408
736	0.17408	4.54113
737	0.17425	4.54817
738	0.17443	4.55521
739	0.17461	4.56225
740	0.1748	4.56929
741	0.17498	4.57631
742	0.17516	4.58333
743	0.17535	4.59035
744	0.17553	4.59737
745	0.17571	4.60439
746	0.1759	4.6114
747	0.17608	4.61842
748	0.17626	4.62544
749	0.17645	4.63246
750	0.17663	4.63948
751	0.17681	4.6465
752	0.177	4.65352
753	0.17718	4.66053
754	0.17737	4.66755
755	0.17755	4.67457
756	0.17774	4.68157
757	0.17793	4.68857
758	0.17811	4.69557
759	0.1783	4.70256
760	0.17849	4.70956
761	0.17868	4.71656
762	0.17886	4.72355
763	0.17905	4.73055
764	0.17924	4.73755
765	0.17943	4.74454
766	0.17962	4.75154
767	0.1798	4.75853
768	0.17999	4.76553
769	0.18018	4.77253
770	0.18037	4.77952
771	0.18056	4.78652
772	0.18075	4.79349
773	0.18094	4.80047
774	0.18113	4.80745
775	0.18133	4.81442
776	0.18152	4.8214
777	0.18171	4.82837
778	0.1819	4.83535
779	0.18209	4.84232
780	0.18229	4.8493
781	0.18248	4.85627
782	0.18267	4.86325
783	0.18286	4.87022
784	0.18305	4.8772
785	0.18325	4.88418
786	0.18344	4.89115
787	0.18363	4.89813
788	0.18383	4.90508
789	0.18403	4.91204
790	0.18422	4.91899
791	0.18442	4.92595
792	0.18462	4.9329
793	0.18481	4.93986
794	0.18501	4.94682
795	0.18521	4.95377
796	0.1854	4.96073
797	0.1856	4.96768
798	0.18579	4.97464
799	0.18599	4.98159
800	0.18599	4.98855