206.64	5.04E-01	8.71E-01
207.67	5.16E-01	8.96E-01
208.7	5.28E-01	9.20E-01
209.75	5.41E-01	9.42E-01
210.81	5.54E-01	9.64E-01
211.88	5.67E-01	9.84E-01
212.95	5.81E-01	1.00E+00
214.04	5.96E-01	1.02E+00
215.15	6.10E-01	1.04E+00
216.26	6.25E-01	1.05E+00
217.38	6.40E-01	1.07E+00
218.52	6.54E-01	1.08E+00
219.67	6.69E-01	1.10E+00
220.83	6.84E-01	1.11E+00
222	6.99E-01	1.12E+00
223.18	7.13E-01	1.13E+00
224.38	7.27E-01	1.14E+00
225.59	7.41E-01	1.14E+00
226.81	7.54E-01	1.15E+00
228.05	7.67E-01	1.16E+00
229.3	7.80E-01	1.16E+00
230.57	7.91E-01	1.17E+00
231.84	8.02E-01	1.17E+00
233.14	8.12E-01	1.17E+00
234.44	8.22E-01	1.18E+00
235.77	8.30E-01	1.18E+00
237.1	8.38E-01	1.18E+00
238.45	8.44E-01	1.18E+00
239.82	8.49E-01	1.18E+00
241.2	8.52E-01	1.18E+00
242.6	8.55E-01	1.18E+00
244.02	8.55E-01	1.18E+00
245.45	8.54E-01	1.19E+00
246.9	8.52E-01	1.19E+00
248.37	8.47E-01	1.19E+00
249.85	8.41E-01	1.20E+00
251.35	8.34E-01	1.21E+00
252.87	8.25E-01	1.22E+00
254.41	8.16E-01	1.23E+00
255.97	8.06E-01	1.25E+00
257.55	7.99E-01	1.28E+00
259.14	7.93E-01	1.31E+00
260.76	7.92E-01	1.34E+00
262.39	7.96E-01	1.38E+00
264.05	8.08E-01	1.42E+00
265.73	8.28E-01	1.46E+00
267.43	8.58E-01	1.51E+00
269.15	8.97E-01	1.54E+00
270.89	9.44E-01	1.58E+00
272.66	1.00E+00	1.60E+00
274.45	1.06E+00	1.62E+00
276.26	1.13E+00	1.63E+00
278.1	1.20E+00	1.62E+00
279.96	1.27E+00	1.60E+00
281.85	1.34E+00	1.57E+00
283.76	1.40E+00	1.52E+00
285.7	1.46E+00	1.47E+00
287.66	1.50E+00	1.40E+00
289.66	1.54E+00	1.32E+00
291.68	1.56E+00	1.24E+00
293.72	1.56E+00	1.16E+00
295.8	1.56E+00	1.07E+00
297.91	1.53E+00	9.83E-01
300.05	1.50E+00	9.00E-01
302.22	1.45E+00	8.23E-01
304.42	1.39E+00	7.52E-01
306.65	1.32E+00	6.90E-01
308.91	1.24E+00	6.39E-01
311.21	1.15E+00	5.98E-01
313.54	1.05E+00	5.70E-01
315.91	9.52E-01	5.55E-01
318.32	8.48E-01	5.55E-01
320.76	7.43E-01	5.71E-01
323.24	6.41E-01	6.05E-01
325.76	5.48E-01	6.56E-01
328.31	4.68E-01	7.20E-01
330.91	4.04E-01	7.90E-01
333.55	3.55E-01	8.62E-01
336.23	3.16E-01	9.32E-01
338.96	2.86E-01	9.99E-01
341.73	2.62E-01	1.06E+00
344.54	2.42E-01	1.12E+00
347.41	2.26E-01	1.18E+00
350.32	2.13E-01	1.23E+00
353.28	2.02E-01	1.29E+00
356.29	1.92E-01	1.34E+00
359.35	1.84E-01	1.39E+00
362.46	1.77E-01	1.43E+00
365.63	1.70E-01	1.48E+00
368.86	1.65E-01	1.53E+00
372.14	1.61E-01	1.57E+00
375.48	1.57E-01	1.61E+00
378.88	1.53E-01	1.66E+00
382.35	1.50E-01	1.70E+00
385.88	1.47E-01	1.74E+00
389.47	1.45E-01	1.78E+00
393.13	1.43E-01	1.83E+00
396.86	1.42E-01	1.87E+00
400.66	1.40E-01	1.91E+00
404.54	1.39E-01	1.95E+00
408.49	1.38E-01	1.99E+00
412.52	1.37E-01	2.03E+00
416.63	1.37E-01	2.07E+00
420.82	1.36E-01	2.11E+00
425.1	1.36E-01	2.15E+00
429.47	1.36E-01	2.19E+00
433.92	1.35E-01	2.24E+00
438.47	1.35E-01	2.28E+00
443.12	1.35E-01	2.32E+00
447.86	1.35E-01	2.36E+00
452.71	1.36E-01	2.40E+00
457.67	1.36E-01	2.45E+00
462.73	1.36E-01	2.49E+00
467.91	1.36E-01	2.54E+00
473.2	1.37E-01	2.58E+00
478.62	1.37E-01	2.63E+00
484.16	1.38E-01	2.67E+00
489.83	1.38E-01	2.72E+00
495.64	1.39E-01	2.76E+00
501.58	1.39E-01	2.81E+00
507.67	1.40E-01	2.86E+00
513.91	1.41E-01	2.91E+00
520.3	1.41E-01	2.96E+00
526.86	1.42E-01	3.01E+00
533.58	1.43E-01	3.06E+00
540.48	1.44E-01	3.12E+00
547.56	1.45E-01	3.17E+00
554.82	1.46E-01	3.23E+00
562.28	1.47E-01	3.28E+00
569.94	1.48E-01	3.34E+00
577.82	1.49E-01	3.40E+00
585.91	1.50E-01	3.46E+00
594.24	1.51E-01	3.52E+00
602.81	1.52E-01	3.59E+00
611.62	1.54E-01	3.65E+00
620.7	1.55E-01	3.72E+00
630.05	1.56E-01	3.78E+00
639.69	1.58E-01	3.85E+00
649.63	1.59E-01	3.93E+00
659.88	1.61E-01	4.00E+00
670.46	1.63E-01	4.08E+00
681.38	1.64E-01	4.15E+00
692.67	1.66E-01	4.23E+00
704.33	1.68E-01	4.32E+00
716.4	1.70E-01	4.40E+00
728.89	1.73E-01	4.49E+00
741.82	1.75E-01	4.58E+00
755.21	1.77E-01	4.68E+00
769.1	1.80E-01	4.77E+00
783.51	1.83E-01	4.87E+00
798.47	1.86E-01	4.98E+00
814.02	1.89E-01	5.09E+00
830.18	1.92E-01	5.20E+00
846.99	1.96E-01	5.31E+00
864.5	1.99E-01	5.43E+00
882.75	2.03E-01	5.56E+00
901.79	2.07E-01	5.69E+00
921.66	2.12E-01	5.83E+00
942.43	2.17E-01	5.97E+00
964.16	2.22E-01	6.12E+00
986.91	2.28E-01	6.27E+00
1010.8	2.34E-01	6.43E+00
1035.8	2.40E-01	6.60E+00
1062.1	2.47E-01	6.78E+00
1089.8	2.55E-01	6.97E+00
1119	2.63E-01	7.17E+00
1149.7	2.72E-01	7.37E+00
1182.2	2.81E-01	7.59E+00
1216.6	2.92E-01	7.82E+00
1253.1	3.03E-01	8.07E+00
1291.8	3.16E-01	8.33E+00
1332.9	3.30E-01	8.60E+00
1376.8	3.45E-01	8.90E+00
1423.7	3.62E-01	9.21E+00
1473.9	3.80E-01	9.54E+00
1527.7	4.01E-01	9.90E+00
1585.7	4.24E-01	1.03E+01
1648.2	4.50E-01	1.07E+01
1715.8	4.79E-01	1.11E+01
1789.2	5.12E-01	1.16E+01
1869.2	5.50E-01	1.22E+01
1956.6	5.92E-01	1.27E+01
2052.7	6.42E-01	1.34E+01
2158.6	6.99E-01	1.41E+01
2276.1	7.66E-01	1.48E+01
2407.1	8.44E-01	1.57E+01
2554.1	9.38E-01	1.67E+01
2720.3	1.05E+00	1.77E+01
2909.5	1.19E+00	1.90E+01
3127.1	1.35E+00	2.04E+01
3379.8	1.56E+00	2.20E+01
3677	1.83E+00	2.40E+01
4031.5	2.17E+00	2.62E+01
4461.6	2.63E+00	2.90E+01
4994.5	3.25E+00	3.24E+01
5671.9	4.14E+00	3.66E+01
6561.9	5.46E+00	4.21E+01
7783.2	7.53E+00	4.95E+01
9563.1	1.10E+01	5.99E+01
12398	1.75E+01	7.53E+01
		
		
		
		
		
		
		
		
		
		
		
		
		
		
		
		
		
		
		
		
		
		
		
		
		
		
		
		
		
		
		
		
		
		
		
		
		
		
		
		
		
		
		
		
		
		
		
		
		
		
		
		
		
		
		
		
		
		
		
		
		
		
		
		
		
		
		
		
		
		
		
		
		
		
		
		
		
		
		
		
		
		
		
		
		
		
		
		
		
		
		
		
		
		
		
		
		
		
		
		
		
		
		
		
		
		
		
		
		
		
		
		
		
		
		
		
		
		
		
		
		
		
		
		
		
		
		
		
		
		
		
		
		
		
		
		
		
		
		
		
		
		
		
		
		
		
		
		
		
		
		
		
		
		
		
		
		
		
		
		
		
		
		
		
		
		
		
		
		
		
		
		
		
		
		
		
		
		
		
		
		
		
		
		
		
		
		
		
		
		
		
		
		
		
		
		
		
		
		
		
		
		
