300	1.77666	2.93964	2.09744	2.09302
301	1.7918	2.94769	2.11006	2.09659
302	1.80691	2.95561	2.12268	2.10002
303	1.82202	2.96339	2.13532	2.10334
304	1.8371	2.97104	2.14798	2.10654
305	1.85218	2.97855	2.16063	2.10961
306	1.86724	2.98594	2.1733	2.11255
307	1.88228	2.9932	2.18597	2.11537
308	1.89728	3.00033	2.19863	2.11806
309	1.91228	3.00735	2.21131	2.12063
310	1.92726	3.01424	2.22398	2.12308
311	1.94221	3.02103	2.23665	2.12541
312	1.95715	3.02769	2.24932	2.12761
313	1.97205	3.03425	2.26198	2.12968
314	1.98693	3.04069	2.27463	2.13163
315	2.00178	3.04703	2.28727	2.13347
316	2.0166	3.05326	2.2999	2.13518
317	2.0314	3.0594	2.31252	2.13677
318	2.04617	3.06543	2.32512	2.13824
319	2.06091	3.07136	2.3377	2.13958
320	2.07564	3.0772	2.35028	2.14082
321	2.09032	3.08294	2.36282	2.14192
322	2.10498	3.08859	2.37534	2.14291
323	2.11961	3.09416	2.38783	2.14379
324	2.13422	3.09964	2.40032	2.14454
325	2.14879	3.10503	2.41277	2.14518
326	2.16333	3.11033	2.42518	2.14571
327	2.17786	3.11554	2.43757	2.14612
328	2.19235	3.12069	2.44993	2.14641
329	2.20681	3.12576	2.46226	2.14659
330	2.22125	3.13074	2.47455	2.14666
331	2.23566	3.13565	2.4868	2.14662
332	2.25004	3.14049	2.49901	2.14647
333	2.2644	3.14525	2.51119	2.1462
334	2.27875	3.14995	2.52333	2.14583
335	2.29306	3.15458	2.53542	2.14535
336	2.30735	3.15913	2.54747	2.14476
337	2.32161	3.16362	2.55948	2.14407
338	2.33585	3.16804	2.57143	2.14328
339	2.35007	3.1724	2.58335	2.14238
340	2.36427	3.1767	2.59521	2.14138
341	2.37844	3.18094	2.60702	2.14028
342	2.3926	3.18511	2.61878	2.13907
343	2.40674	3.18922	2.63049	2.13777
344	2.42086	3.19328	2.64214	2.13637
345	2.43497	3.19728	2.65375	2.13488
346	2.44905	3.20121	2.66529	2.13329
347	2.46312	3.2051	2.67677	2.13161
348	2.47717	3.20893	2.6882	2.12983
349	2.49122	3.2127	2.69957	2.12798
350	2.50524	3.21642	2.71088	2.12602
351	2.51925	3.22008	2.72213	2.12398
352	2.53326	3.2237	2.73331	2.12185
353	2.54724	3.22726	2.74443	2.11964
354	2.56123	3.23076	2.75549	2.11734
355	2.57519	3.23421	2.76648	2.11495
356	2.58916	3.23762	2.77741	2.11249
357	2.60312	3.24097	2.78828	2.10995
358	2.61706	3.24427	2.79907	2.10733
359	2.631	3.24753	2.8098	2.10463
360	2.64493	3.25073	2.82046	2.10186
361	2.65885	3.25388	2.83104	2.09901
362	2.67278	3.25699	2.84157	2.09609
363	2.68671	3.26004	2.85201	2.09309
364	2.70063	3.26305	2.86239	2.09003
365	2.71455	3.266	2.87271	2.0869
366	2.72847	3.26891	2.88294	2.08371
367	2.74237	3.27176	2.8931	2.08044
368	2.7563	3.27457	2.9032	2.07711
369	2.77021	3.27733	2.91322	2.07372
370	2.78413	3.28004	2.92317	2.07027
371	2.79805	3.2827	2.93305	2.06676
372	2.81197	3.28531	2.94284	2.06319
373	2.82591	3.28787	2.95258	2.05956
374	2.83984	3.29038	2.96222	2.05587
375	2.85378	3.29284	2.9718	2.05214
376	2.86772	3.29525	2.98131	2.04835
377	2.88167	3.2976	2.99074	2.0445
378	2.89563	3.29991	3.00009	2.04061
379	2.90959	3.30217	3.00938	2.03666
380	2.92356	3.30436	3.01857	2.03268
381	2.93754	3.30651	3.02771	2.02864
382	2.95152	3.30861	3.03677	2.02456
383	2.96551	3.31066	3.04574	2.02044
384	2.97952	3.31265	3.05465	2.01627
385	2.99354	3.31459	3.06348	2.01207
386	3.00756	3.31647	3.07223	2.00782
387	3.0216	3.31829	3.08092	2.00353
388	3.03563	3.32006	3.08952	1.99921
389	3.0497	3.32178	3.09806	1.99485
390	3.06377	3.32344	3.10652	1.99045
391	3.07785	3.32504	3.11491	1.98603
392	3.09194	3.32658	3.12322	1.98158
393	3.10605	3.32807	3.13145	1.97708
394	3.12016	3.32949	3.13961	1.97256
395	3.13429	3.33085	3.14771	1.96801
396	3.14843	3.33216	3.15573	1.96344
397	3.16259	3.33341	3.16368	1.95883
398	3.17675	3.33459	3.17155	1.9542
399	3.19094	3.3357	3.17936	1.94955
400	3.20513	3.33676	3.18709	1.94488
401	3.21934	3.33776	3.19475	1.94018
402	3.23356	3.33868	3.20234	1.93545
403	3.24779	3.33955	3.20986	1.93072
404	3.26204	3.34035	3.21732	1.92596
405	3.2763	3.34108	3.2247	1.92117
406	3.29058	3.34174	3.23201	1.91638
407	3.30485	3.34233	3.23925	1.91157
408	3.31916	3.34287	3.24643	1.90674
409	3.33346	3.34332	3.25355	1.90189
410	3.34779	3.34371	3.2606	1.89704
411	3.36212	3.34402	3.26757	1.89217
412	3.37647	3.34427	3.27448	1.88729
413	3.39082	3.34444	3.28132	1.8824
414	3.4052	3.34453	3.28811	1.87749
415	3.41957	3.34456	3.29482	1.87258
416	3.43396	3.34451	3.30148	1.86766
417	3.44836	3.34438	3.30806	1.86274
418	3.46277	3.34418	3.3146	1.8578
419	3.4772	3.3439	3.32106	1.85285
420	3.49162	3.34354	3.32746	1.8479
421	3.50605	3.34311	3.33381	1.84295
422	3.5205	3.34259	3.34009	1.83799
423	3.53495	3.342	3.34631	1.83303
424	3.54941	3.34133	3.35248	1.82807
425	3.56387	3.34056	3.35858	1.8231
426	3.57834	3.33973	3.36462	1.81813
427	3.59282	3.33881	3.37062	1.81316
428	3.6073	3.3378	3.37655	1.80819
429	3.62178	3.33671	3.38243	1.80322
430	3.63627	3.33554	3.38825	1.79825
431	3.65075	3.33428	3.39401	1.79327
432	3.66526	3.33293	3.39972	1.7883
433	3.67975	3.3315	3.40538	1.78333
434	3.69423	3.32998	3.41099	1.77837
435	3.70873	3.32837	3.41654	1.7734
436	3.72321	3.32668	3.42204	1.76845
437	3.7377	3.32489	3.42749	1.76349
438	3.75218	3.32301	3.43288	1.75854
439	3.76666	3.32105	3.43823	1.75359
440	3.78113	3.31899	3.44352	1.74865
441	3.79561	3.31684	3.44877	1.74371
442	3.81006	3.3146	3.45397	1.73878
443	3.8245	3.31228	3.45912	1.73386
444	3.83895	3.30985	3.46422	1.72894
445	3.85338	3.30733	3.46929	1.72403
446	3.86781	3.30472	3.4743	1.71913
447	3.8822	3.30201	3.47926	1.71423
448	3.89661	3.29921	3.48419	1.70934
449	3.91099	3.29632	3.48906	1.70446
450	3.92536	3.29332	3.4939	1.69958
451	3.9397	3.29024	3.49869	1.69471
452	3.95403	3.28706	3.50343	1.68987
453	3.96834	3.28378	3.50814	1.68502
454	3.98264	3.2804	3.51281	1.68018
455	3.9969	3.27694	3.51742	1.67535
456	4.01114	3.27337	3.522	1.67053
457	4.02537	3.2697	3.52655	1.66572
458	4.03958	3.26594	3.53106	1.66092
459	4.05374	3.26208	3.53552	1.65613
460	4.06789	3.25813	3.53994	1.65135
461	4.08199	3.25408	3.54433	1.64658
462	4.09608	3.24993	3.54868	1.64183
463	4.11014	3.24568	3.553	1.63708
464	4.12415	3.24134	3.55728	1.63234
465	4.13815	3.23689	3.56152	1.62762
466	4.15209	3.23235	3.56573	1.62291
467	4.16601	3.22771	3.56991	1.6182
468	4.17989	3.22299	3.57404	1.61351
469	4.19373	3.21815	3.57815	1.60883
470	4.20752	3.21323	3.58222	1.60416
471	4.22127	3.2082	3.58626	1.5995
472	4.23498	3.20308	3.59027	1.59486
473	4.24865	3.19786	3.59425	1.59023
474	4.26227	3.19255	3.5982	1.5856
475	4.27585	3.18714	3.60211	1.58099
476	4.28937	3.18165	3.60599	1.57639
477	4.30285	3.17605	3.60985	1.5718
478	4.31627	3.17036	3.61367	1.56723
479	4.32963	3.16458	3.61747	1.56267
480	4.34295	3.1587	3.62124	1.55811
481	4.35621	3.15274	3.62498	1.55358
482	4.36941	3.14667	3.62869	1.54905
483	4.38256	3.14052	3.63237	1.54453
484	4.39564	3.13428	3.63604	1.54003
485	4.40867	3.12795	3.63966	1.53553
486	4.42163	3.12153	3.64327	1.53105
487	4.43454	3.11502	3.64685	1.52658
488	4.44737	3.10843	3.6504	1.52212
489	4.46015	3.10173	3.65394	1.51767
490	4.47285	3.09497	3.65744	1.51324
491	4.48548	3.08811	3.66093	1.50882
492	4.49805	3.08117	3.66438	1.50441
493	4.51055	3.07415	3.66782	1.5
494	4.52296	3.06705	3.67123	1.49562
495	4.53532	3.05986	3.67461	1.49124
496	4.54759	3.05259	3.67798	1.48687
497	4.55979	3.04524	3.68132	1.48252
498	4.57192	3.03781	3.68465	1.47818
499	4.58396	3.03032	3.68795	1.47385
500	4.59594	3.02273	3.69123	1.46952
501	4.60782	3.01507	3.69449	1.46521
502	4.61963	3.00735	3.69773	1.46091
503	4.63136	2.99955	3.70095	1.45663
504	4.64301	2.99168	3.70414	1.45234
505	4.65456	2.98374	3.70732	1.44808
506	4.66604	2.97573	3.71048	1.44382
507	4.67743	2.96765	3.71362	1.43958
508	4.68874	2.9595	3.71674	1.43534
509	4.69995	2.9513	3.71984	1.43112
510	4.71109	2.94302	3.72292	1.4269
511	4.72213	2.93468	3.726	1.4227
512	4.73308	2.92629	3.72904	1.4185
513	4.74395	2.91784	3.73208	1.41431
514	4.75471	2.90932	3.73508	1.41014
515	4.7654	2.90076	3.73808	1.40598
516	4.77599	2.89213	3.74106	1.40182
517	4.78649	2.88346	3.74403	1.39767
518	4.79689	2.87472	3.74697	1.39354
519	4.8072	2.86594	3.7499	1.38941
520	4.81741	2.85712	3.75281	1.38529
521	4.82753	2.84825	3.75571	1.38118
522	4.83756	2.83933	3.75859	1.37709
523	4.84749	2.83037	3.76146	1.373
524	4.85733	2.82136	3.7643	1.36892
525	4.86706	2.81231	3.76715	1.36485
526	4.87671	2.80324	3.76997	1.36079
527	4.88626	2.79411	3.77277	1.35673
528	4.89572	2.78495	3.77556	1.35269
529	4.90507	2.77576	3.77834	1.34865
530	4.91432	2.76654	3.7811	1.34463
531	4.92349	2.75729	3.78384	1.34062
532	4.93256	2.748	3.78659	1.3366
533	4.94152	2.73869	3.7893	1.33261
534	4.95039	2.72936	3.792	1.32862
535	4.95916	2.72001	3.7947	1.32463
536	4.96784	2.71063	3.79738	1.32066
537	4.97643	2.70123	3.80004	1.31669
538	4.98493	2.69181	3.8027	1.31274
539	4.99332	2.68238	3.80533	1.30879
540	5.00161	2.67293	3.80796	1.30485
541	5.00982	2.66347	3.81058	1.30093
542	5.01794	2.65399	3.81317	1.29701
543	5.02595	2.64451	3.81576	1.29309
544	5.03387	2.63503	3.81834	1.28919
545	5.04171	2.62553	3.8209	1.2853
546	5.04945	2.61603	3.82345	1.28142
547	5.05711	2.60652	3.82599	1.27754
548	5.06467	2.59701	3.82851	1.27368
549	5.07215	2.58751	3.83102	1.26982
550	5.07953	2.578	3.83353	1.26598
551	5.08684	2.5685	3.83602	1.26214
552	5.09404	2.55901	3.8385	1.25831
553	5.10117	2.54951	3.84097	1.25449
554	5.10822	2.54003	3.84343	1.25069
555	5.11519	2.53056	3.84588	1.24689
556	5.12207	2.52109	3.84831	1.2431
557	5.12888	2.51164	3.85073	1.23933
558	5.1356	2.50221	3.85315	1.23557
559	5.14226	2.49279	3.85556	1.23182
560	5.14884	2.48338	3.85795	1.22807
561	5.15533	2.47399	3.86034	1.22435
562	5.16176	2.46462	3.86272	1.22063
563	5.16812	2.45528	3.86508	1.21692
564	5.17442	2.44594	3.86744	1.21323
565	5.18065	2.43664	3.86979	1.20955
566	5.18681	2.42735	3.87213	1.20589
567	5.19291	2.41809	3.87447	1.20224
568	5.19895	2.40885	3.87679	1.1986
569	5.20493	2.39964	3.87912	1.19498
570	5.21086	2.39045	3.88143	1.19137
571	5.21673	2.38129	3.88374	1.18778
572	5.22255	2.37215	3.88604	1.1842
573	5.22832	2.36305	3.88834	1.18065
574	5.23405	2.35396	3.89063	1.1771
575	5.23972	2.34491	3.89292	1.17358
576	5.24536	2.33589	3.89521	1.17007
577	5.25096	2.32689	3.8975	1.16659
578	5.25652	2.31792	3.89978	1.16312
579	5.26205	2.30898	3.90207	1.15968
580	5.26755	2.30006	3.90436	1.15625
581	5.27302	2.29117	3.90664	1.15285
582	5.27846	2.2823	3.90893	1.14947
583	5.28388	2.27345	3.91123	1.14611
584	5.28927	2.26463	3.91353	1.14277
585	5.29465	2.25583	3.91584	1.13946
586	5.30001	2.24704	3.91816	1.13617
587	5.30536	2.23828	3.92048	1.13291
588	5.3107	2.22952	3.92282	1.12967
589	5.31602	2.22079	3.92518	1.12647
590	5.32134	2.21207	3.92755	1.12328
591	5.32666	2.20336	3.92993	1.12012
592	5.33199	2.19464	3.93234	1.117
593	5.3373	2.18594	3.93477	1.1139
594	5.34262	2.17722	3.93723	1.11083
595	5.34795	2.16852	3.93971	1.1078
596	5.35327	2.15981	3.94223	1.10479
597	5.35861	2.15107	3.94479	1.10181
598	5.36397	2.14233	3.94738	1.09886
599	5.36932	2.13358	3.95001	1.09594
600	5.37468	2.1248	3.9527	1.09305
601	5.38006	2.11599	3.95543	1.09019
602	5.38544	2.10716	3.95821	1.08736
603	5.39084	2.09828	3.96106	1.08454
604	5.39625	2.08936	3.96397	1.08176
605	5.40167	2.0804	3.96695	1.079
606	5.40709	2.07139	3.97001	1.07627
607	5.41253	2.06232	3.97315	1.07354
608	5.41796	2.0532	3.97639	1.07083
609	5.42339	2.04401	3.9797	1.06814
610	5.42883	2.03474	3.98313	1.06544
611	5.43427	2.02541	3.98664	1.06275
612	5.43969	2.01599	3.99029	1.06005
613	5.4451	2.00648	3.99405	1.05735
614	5.4505	1.9969	3.99794	1.05462
615	5.45587	1.98722	4.00195	1.05187
616	5.46122	1.97745	4.0061	1.04907
617	5.46654	1.96758	4.01041	1.04623
618	5.47181	1.9576	4.01486	1.04332
619	5.47705	1.94752	4.01946	1.04035
620	5.48223	1.93735	4.02421	1.03728
621	5.48735	1.92706	4.02914	1.03409
622	5.49241	1.91665	4.03422	1.0308
623	5.49739	1.90615	4.03947	1.02735
624	5.5023	1.89553	4.04487	1.02376
625	5.50711	1.8848	4.05043	1.01997
626	5.51183	1.87398	4.05613	1.01599
627	5.51646	1.86304	4.06198	1.01179
628	5.52097	1.852	4.06796	1.00733
629	5.52537	1.84086	4.07404	1.00263
630	5.52963	1.82962	4.08024	0.9976
631	5.53377	1.81829	4.08649	0.99231
632	5.53776	1.80688	4.09281	0.98667
633	5.54163	1.79538	4.09914	0.9807
634	5.54534	1.78381	4.10548	0.97438
635	5.54888	1.77217	4.11176	0.96768
636	5.55228	1.76046	4.11799	0.96065
637	5.55551	1.7487	4.12411	0.95321
638	5.55857	1.73687	4.13009	0.94542
639	5.56148	1.72501	4.13589	0.93728
640	5.56418	1.71311	4.14146	0.92878
641	5.56673	1.70119	4.14679	0.91996
642	5.56909	1.68923	4.15184	0.91081
643	5.57126	1.67728	4.15655	0.90139
644	5.57328	1.66531	4.16095	0.89172
645	5.57512	1.65334	4.165	0.88183
646	5.57675	1.64139	4.16865	0.87175
647	5.57822	1.62945	4.17191	0.86152
648	5.57951	1.61754	4.17474	0.85117
649	5.58062	1.60566	4.17719	0.84075
650	5.58157	1.59382	4.17927	0.8303
651	5.58235	1.58201	4.18094	0.81983
652	5.58296	1.57025	4.1822	0.80939
653	5.5834	1.55856	4.18311	0.79901
654	5.58368	1.54693	4.18363	0.78872
655	5.5838	1.53538	4.18381	0.77855
656	5.58379	1.52388	4.18371	0.76849
657	5.5836	1.51245	4.18327	0.7586
658	5.58328	1.50113	4.18257	0.74888
659	5.58283	1.48987	4.18162	0.73932
660	5.58224	1.4787	4.18043	0.72994
661	5.58152	1.46763	4.17904	0.72077
662	5.58068	1.45665	4.17743	0.7118
663	5.5797	1.44577	4.17567	0.70303
664	5.57862	1.43499	4.17374	0.69447
665	5.57742	1.4243	4.17168	0.6861
666	5.57613	1.41371	4.16951	0.67792
667	5.57473	1.40324	4.16723	0.66996
668	5.57322	1.39287	4.16486	0.66219
669	5.57164	1.38259	4.16242	0.65458
670	5.56996	1.37243	4.15992	0.64716
671	5.56819	1.36237	4.15735	0.63991
672	5.56635	1.35242	4.15474	0.63284
673	5.56442	1.34257	4.1521	0.62592
674	5.56243	1.33284	4.14942	0.61915
675	5.56038	1.3232	4.14672	0.61254
676	5.55825	1.31368	4.14401	0.60607
677	5.55607	1.30426	4.14128	0.59973
678	5.55382	1.29494	4.13854	0.59353
679	5.55152	1.28574	4.1358	0.58744
680	5.54917	1.27662	4.13306	0.58148
681	5.54677	1.26761	4.13032	0.57561
682	5.54433	1.25871	4.12757	0.56986
683	5.54185	1.2499	4.12484	0.56421
684	5.53932	1.2412	4.12211	0.55866
685	5.53676	1.23258	4.11939	0.5532
686	5.53416	1.22406	4.11667	0.54782
687	5.53153	1.21565	4.11397	0.54253
688	5.52886	1.20733	4.11128	0.53732
689	5.52618	1.1991	4.10859	0.53219
690	5.52346	1.19095	4.10591	0.52713
691	5.52071	1.18289	4.10325	0.52213
692	5.51795	1.17494	4.1006	0.51721
693	5.51517	1.16707	4.09795	0.51236
694	5.51236	1.15928	4.09531	0.50756
695	5.50953	1.15157	4.09268	0.50282
696	5.50669	1.14395	4.09006	0.49814
697	5.50384	1.13641	4.08745	0.49352
698	5.50096	1.12896	4.08485	0.48895
699	5.49808	1.12157	4.08226	0.48443
700	5.49519	1.11427	4.07967	0.47996
701	5.49228	1.10704	4.07709	0.47554
702	5.48936	1.09989	4.07451	0.47117
703	5.48643	1.09282	4.07194	0.46684
704	5.4835	1.08582	4.06938	0.46256
705	5.48056	1.07889	4.06683	0.45832
706	5.47762	1.07202	4.06427	0.45412
707	5.47467	1.06524	4.06172	0.44997
708	5.4717	1.05851	4.05918	0.44586
709	5.46875	1.05186	4.05664	0.44179
710	5.46578	1.04526	4.0541	0.43775
711	5.46281	1.03875	4.05156	0.43376
712	5.45985	1.03229	4.04903	0.4298
713	5.45688	1.02589	4.0465	0.42588
714	5.4539	1.01956	4.04397	0.422
715	5.45093	1.01328	4.04145	0.41815
716	5.44796	1.00707	4.03892	0.41435
717	5.44499	1.00092	4.0364	0.41057
718	5.44201	0.99482	4.03388	0.40683
719	5.43904	0.98878	4.03135	0.40312
720	5.43607	0.98279	4.02883	0.39945
721	5.4331	0.97686	4.0263	0.39581
722	5.43014	0.97099	4.02379	0.3922
723	5.42717	0.96517	4.02127	0.38863
724	5.42421	0.95941	4.01875	0.38509
725	5.42125	0.95369	4.01623	0.38158
726	5.4183	0.94803	4.01371	0.3781
727	5.41535	0.94242	4.01118	0.37466
728	5.4124	0.93686	4.00866	0.37125
729	5.40945	0.93134	4.00614	0.36787
730	5.40651	0.92587	4.00361	0.36452
731	5.40358	0.92046	4.00109	0.3612
732	5.40064	0.91509	3.99857	0.35792
733	5.39772	0.90977	3.99605	0.35466
734	5.39479	0.90449	3.99353	0.35143
735	5.39188	0.89925	3.991	0.34824
736	5.38896	0.89407	3.98848	0.34507
737	5.38605	0.88892	3.98595	0.34194
738	5.38315	0.88383	3.98343	0.33883
739	5.38024	0.87877	3.9809	0.33576
740	5.37736	0.87375	3.97838	0.33271
741	5.37447	0.86878	3.97585	0.32969
742	5.37159	0.86384	3.97334	0.32671
743	5.36871	0.85895	3.9708	0.32375
744	5.36584	0.8541	3.96828	0.32082
745	5.36298	0.84928	3.96576	0.31792
746	5.36011	0.84452	3.96324	0.31505
747	5.35726	0.83978	3.96072	0.31221
748	5.35442	0.83509	3.95819	0.3094
749	5.35157	0.83042	3.95567	0.30661
750	5.34874	0.8258	3.95315	0.30385
751	5.34591	0.82121	3.95063	0.30113
752	5.34309	0.81667	3.94811	0.29843
753	5.34027	0.81215	3.9456	0.29575
754	5.33746	0.80767	3.94308	0.29311
755	5.33466	0.80323	3.94057	0.29049
756	5.33187	0.79882	3.93806	0.2879
757	5.32908	0.79445	3.93555	0.28533
758	5.3263	0.79011	3.93304	0.2828
759	5.32351	0.7858	3.93054	0.28029
760	5.32075	0.78153	3.92803	0.27781
761	5.31798	0.77729	3.92554	0.27535
762	5.31523	0.77308	3.92304	0.27292
763	5.31247	0.7689	3.92054	0.27052
764	5.30973	0.76476	3.91805	0.26814
765	5.30699	0.76064	3.91556	0.26579
766	5.30426	0.75656	3.91308	0.26347
767	5.30154	0.75251	3.9106	0.26117
768	5.29883	0.74848	3.90811	0.25889
769	5.29611	0.74449	3.90565	0.25664
770	5.29342	0.74053	3.90317	0.25442
771	5.29072	0.7366	3.9007	0.25222
772	5.28803	0.7327	3.89825	0.25005
773	5.28535	0.72882	3.89579	0.2479
774	5.28267	0.72497	3.89333	0.24578
775	5.28	0.72115	3.89088	0.24368
776	5.27735	0.71736	3.88844	0.2416
777	5.27469	0.7136	3.886	0.23955
778	5.27204	0.70986	3.88356	0.23752
779	5.2694	0.70615	3.88114	0.23552
780	5.26677	0.70247	3.87871	0.23354
781	5.26414	0.69882	3.8763	0.23159
782	5.26152	0.69519	3.87388	0.22965
783	5.25892	0.69158	3.87147	0.22774
784	5.25631	0.688	3.86907	0.22585
785	5.25371	0.68445	3.86667	0.22398
786	5.25112	0.68093	3.86429	0.22214
787	5.24853	0.67742	3.8619	0.22032
788	5.24596	0.67395	3.85952	0.21852
789	5.24338	0.67049	3.85715	0.21675
790	5.24082	0.66706	3.85479	0.21499
791	5.23827	0.66366	3.85243	0.21326
792	5.23572	0.66028	3.85008	0.21154
793	5.23318	0.65692	3.84774	0.20986
794	5.23064	0.65359	3.84539	0.20818
795	5.22812	0.65028	3.84306	0.20653
796	5.22559	0.64699	3.84075	0.2049
797	5.22308	0.64372	3.83843	0.2033
798	5.22057	0.64048	3.83612	0.20171
799	5.21807	0.63726	3.83382	0.20014
800	5.21558	0.63406	3.83152	0.19859