300	1.98929	2.90932
301	2.00237	2.91416
302	2.01461	2.91961
303	2.02719	2.92503
304	2.04001	2.93037
305	2.05268	2.93504
306	2.06568	2.94007
307	2.07887	2.94532
308	2.09129	2.9499
309	2.10401	2.95445
310	2.117	2.959
311	2.12982	2.96413
312	2.14261	2.96896
313	2.15534	2.97342
314	2.16849	2.97783
315	2.18165	2.98204
316	2.1947	2.98577
317	2.20769	2.9899
318	2.22064	2.99421
319	2.23345	2.99848
320	2.24647	3.00249
321	2.2598	3.00613
322	2.27295	3.00971
323	2.28604	3.01328
324	2.29906	3.01683
325	2.31202	3.02037
326	2.32488	3.02388
327	2.33809	3.02737
328	2.35147	3.03086
329	2.36462	3.03429
330	2.37774	3.0376
331	2.39081	3.04044
332	2.40407	3.04326
333	2.41755	3.04607
334	2.43088	3.04885
335	2.44414	3.05161
336	2.45734	3.05436
337	2.47052	3.05711
338	2.48357	3.05983
339	2.49669	3.06243
340	2.51013	3.06458
341	2.52352	3.06672
342	2.53682	3.06885
343	2.55005	3.07097
344	2.56321	3.07307
345	2.57654	3.07516
346	2.59002	3.07723
347	2.60312	3.07897
348	2.61601	3.08052
349	2.62946	3.08205
350	2.64316	3.08357
351	2.65641	3.08509
352	2.66947	3.08659
353	2.68276	3.08808
354	2.69612	3.08957
355	2.70944	3.0907
356	2.72274	3.09168
357	2.73591	3.09266
358	2.74902	3.09363
359	2.76201	3.09459
360	2.77493	3.09555
361	2.78807	3.09625
362	2.8014	3.09673
363	2.81463	3.0972
364	2.82771	3.09767
365	2.84078	3.098
366	2.8538	3.098
367	2.86685	3.09806
368	2.8801	3.09852
369	2.89334	3.09898
370	2.90647	3.099
371	2.91959	3.099
372	2.93262	3.09867
373	2.94563	3.09822
374	2.95852	3.09778
375	2.97129	3.09733
376	2.98414	3.0969
377	2.99724	3.09646
378	3.01034	3.09602
379	3.02328	3.09518
380	3.03622	3.09432
381	3.04904	3.09346
382	3.06181	3.09261
383	3.07454	3.09165
384	3.0872	3.09038
385	3.09986	3.08911
386	3.11271	3.08787
387	3.12557	3.08662
388	3.13835	3.08539
389	3.15106	3.08416
390	3.16375	3.0829
391	3.1763	3.08128
392	3.18885	3.07966
393	3.20135	3.07782
394	3.2138	3.07581
395	3.22622	3.0738
396	3.23843	3.07183
397	3.25063	3.06987
398	3.263	3.06769
399	3.2755	3.06534
400	3.288	3.063
401	3.30031	3.06069
402	3.31262	3.05838
403	3.32487	3.05609
404	3.33703	3.05381
405	3.3492	3.05152
406	3.36126	3.04868
407	3.37329	3.04568
408	3.3853	3.04272
409	3.39711	3.04013
410	3.40892	3.03755
411	3.42069	3.03468
412	3.43241	3.03138
413	3.44413	3.02809
414	3.45595	3.02483
415	3.46782	3.02159
416	3.47969	3.01836
417	3.49114	3.01515
418	3.50252	3.01195
419	3.51393	3.00872
420	3.52551	3.00521
421	3.53708	3.0017
422	3.54855	2.99812
423	3.55962	2.99432
424	3.57069	2.99051
425	3.58183	2.98672
426	3.59309	2.98297
427	3.60435	2.97922
428	3.61556	2.97534
429	3.62667	2.9713
430	3.63778	2.96726
431	3.64882	2.9631
432	3.65979	2.95878
433	3.67075	2.95446
434	3.68151	2.95017
435	3.692	2.9459
436	3.7025	2.94164
437	3.71305	2.93728
438	3.72369	2.93277
439	3.73434	2.92825
440	3.74494	2.92366
441	3.75545	2.91889
442	3.76596	2.91411
443	3.77645	2.90934
444	3.78683	2.90462
445	3.79721	2.89991
446	3.80758	2.89519
447	3.81748	2.89026
448	3.82736	2.88532
449	3.83723	2.88038
450	3.84727	2.87526
451	3.85736	2.87006
452	3.86745	2.86486
453	3.87732	2.8597
454	3.88693	2.8546
455	3.89654	2.84949
456	3.90614	2.84436
457	3.9156	2.83904
458	3.92507	2.83371
459	3.93454	2.82838
460	3.9439	2.8229
461	3.95323	2.81736
462	3.96256	2.81182
463	3.97185	2.80631
464	3.98105	2.80085
465	3.99024	2.79539
466	3.99944	2.78993
467	4.00852	2.78406
468	4.01759	2.77811
469	4.02665	2.77216
470	4.0356	2.76632
471	4.04426	2.76074
472	4.05292	2.75515
473	4.06158	2.74956
474	4.07013	2.74365
475	4.07865	2.7376
476	4.08716	2.73156
477	4.09567	2.72552
478	4.10405	2.71958
479	4.11243	2.71363
480	4.12081	2.70769
481	4.12913	2.70168
482	4.13738	2.69556
483	4.14562	2.68944
484	4.15387	2.68332
485	4.16188	2.67726
486	4.16976	2.67122
487	4.17763	2.66518
488	4.1855	2.65915
489	4.19328	2.65277
490	4.20103	2.64631
491	4.20878	2.63985
492	4.21653	2.63339
493	4.22392	2.62727
494	4.23128	2.62118
495	4.23864	2.61509
496	4.246	2.609
497	4.25325	2.6025
498	4.2605	2.596
499	4.26775	2.5895
500	4.275	2.583
501	4.28213	2.57661
502	4.28925	2.57022
503	4.29638	2.56384
504	4.3035	2.55745
505	4.31031	2.55092
506	4.31708	2.54438
507	4.32386	2.53785
508	4.33064	2.53131
509	4.33733	2.52486
510	4.344	2.51843
511	4.35067	2.512
512	4.35733	2.50557
513	4.36393	2.49893
514	4.37049	2.49213
515	4.37705	2.48534
516	4.38361	2.47855
517	4.38998	2.47187
518	4.39597	2.46542
519	4.40196	2.45897
520	4.40795	2.45252
521	4.41394	2.44606
522	4.42006	2.43949
523	4.42618	2.43291
524	4.43231	2.42634
525	4.43843	2.41976
526	4.44423	2.41312
527	4.4498	2.40644
528	4.45537	2.39976
529	4.46093	2.39308
530	4.46651	2.38639
531	4.4722	2.37961
532	4.47789	2.37282
533	4.48358	2.36604
534	4.48927	2.35926
535	4.49468	2.35253
536	4.49985	2.34587
537	4.50501	2.3392
538	4.51017	2.33253
539	4.51533	2.32587
540	4.52041	2.3193
541	4.52549	2.31274
542	4.53056	2.30619
543	4.53564	2.29964
544	4.54067	2.29307
545	4.54545	2.28642
546	4.55023	2.27976
547	4.55501	2.27311
548	4.5598	2.26646
549	4.56455	2.25978
550	4.56924	2.25304
551	4.57394	2.24631
552	4.57863	2.23957
553	4.58332	2.23284
554	4.5879	2.22616
555	4.5923	2.21954
556	4.59671	2.21293
557	4.60112	2.20632
558	4.60553	2.1997
559	4.60982	2.19314
560	4.61395	2.18665
561	4.61809	2.18015
562	4.62222	2.17365
563	4.62635	2.16716
564	4.63046	2.16063
565	4.63452	2.15406
566	4.63859	2.14748
567	4.64265	2.1409
568	4.64671	2.13433
569	4.65072	2.12777
570	4.65452	2.12131
571	4.65833	2.11484
572	4.66213	2.10838
573	4.66593	2.10192
574	4.66973	2.09545
575	4.67329	2.08894
576	4.67683	2.08242
577	4.68037	2.0759
578	4.68391	2.06939
579	4.68744	2.06287
580	4.69095	2.05642
581	4.69442	2.05002
582	4.69789	2.04362
583	4.70137	2.03722
584	4.70484	2.03082
585	4.70829	2.02443
586	4.71152	2.01815
587	4.71475	2.01187
588	4.71799	2.00558
589	4.72122	1.9993
590	4.72445	1.99302
591	4.72756	1.98679
592	4.73056	1.98062
593	4.73356	1.97444
594	4.73655	1.96827
595	4.73955	1.9621
596	4.74255	1.95593
597	4.74535	1.94972
598	4.74811	1.9435
599	4.75088	1.93728
600	4.75364	1.93106
601	4.7564	1.92484
602	4.75915	1.91863
603	4.76169	1.91253
604	4.76424	1.90643
605	4.76678	1.90033
606	4.76932	1.89423
607	4.77186	1.88813
608	4.7744	1.88202
609	4.77689	1.87587
610	4.77938	1.86972
611	4.78187	1.86358
612	4.78437	1.85743
613	4.78686	1.85129
614	4.78932	1.84518
615	4.7916	1.83932
616	4.79388	1.83345
617	4.79616	1.82759
618	4.79844	1.82173
619	4.80072	1.81586
620	4.803	1.81
621	4.80508	1.80409
622	4.80715	1.79818
623	4.80923	1.79227
624	4.81131	1.78636
625	4.81338	1.78045
626	4.81546	1.77454
627	4.81751	1.76872
628	4.81954	1.76292
629	4.82157	1.75713
630	4.82361	1.75134
631	4.82564	1.74555
632	4.82768	1.73976
633	4.82959	1.73402
634	4.83127	1.72835
635	4.83296	1.72268
636	4.83464	1.71702
637	4.83633	1.71135
638	4.83801	1.70569
639	4.8397	1.70002
640	4.84136	1.69431
641	4.84301	1.6886
642	4.84466	1.68289
643	4.84632	1.67717
644	4.84797	1.67146
645	4.84963	1.66574
646	4.85125	1.66008
647	4.85272	1.65463
648	4.85419	1.64919
649	4.85566	1.64375
650	4.85713	1.63831
651	4.8586	1.63287
652	4.86007	1.62743
653	4.86148	1.62203
654	4.86278	1.6167
655	4.86407	1.61136
656	4.86537	1.60603
657	4.86667	1.6007
658	4.86796	1.59537
659	4.86926	1.59004
660	4.87055	1.5847
661	4.87181	1.57935
662	4.87308	1.57399
663	4.87435	1.56864
664	4.87562	1.56329
665	4.87688	1.55794
666	4.87815	1.55259
667	4.87932	1.54731
668	4.88029	1.5422
669	4.88125	1.53709
670	4.88222	1.53198
671	4.88319	1.52687
672	4.88415	1.52176
673	4.88512	1.51665
674	4.88609	1.51154
675	4.88703	1.50641
676	4.88797	1.50128
677	4.88892	1.49615
678	4.88986	1.49103
679	4.89081	1.4859
680	4.89175	1.48077
681	4.8927	1.47564
682	4.89354	1.47068
683	4.89433	1.46579
684	4.89512	1.4609
685	4.89592	1.45601
686	4.89671	1.45113
687	4.8975	1.44624
688	4.89829	1.44135
689	4.89909	1.43646
690	4.89986	1.43155
691	4.90064	1.42664
692	4.90141	1.42173
693	4.90219	1.41682
694	4.90296	1.41191
695	4.90374	1.407
696	4.90451	1.40209
697	4.90519	1.39727
698	4.90569	1.3926
699	4.9062	1.38793
700	4.9067	1.38326
701	4.90721	1.37858
702	4.90771	1.37391
703	4.90822	1.36924
704	4.90872	1.36457
705	4.90922	1.35994
706	4.90972	1.35537
707	4.91021	1.35079
708	4.91071	1.34622
709	4.9112	1.34165
710	4.91169	1.33707
711	4.91219	1.3325
712	4.91268	1.32793
713	4.91313	1.32335
714	4.91349	1.31877
715	4.91385	1.31418
716	4.91422	1.3096
717	4.91458	1.30501
718	4.91494	1.30043
719	4.9153	1.29585
720	4.91566	1.29126
721	4.91602	1.28669
722	4.91625	1.28233
723	4.91649	1.27797
724	4.91672	1.2736
725	4.91696	1.26924
726	4.9172	1.26488
727	4.91743	1.26052
728	4.91767	1.25615
729	4.9179	1.25179
730	4.91807	1.24749
731	4.91818	1.24323
732	4.9183	1.23897
733	4.91841	1.23471
734	4.91853	1.23046
735	4.91864	1.2262
736	4.91876	1.22194
737	4.91887	1.21768
738	4.91899	1.21343
739	4.9191	1.20936
740	4.91921	1.20531
741	4.91933	1.20126
742	4.91944	1.19721
743	4.91955	1.19316
744	4.91966	1.18911
745	4.91978	1.18506
746	4.91989	1.18101
747	4.92	1.17696
748	4.92	1.1729
749	4.92	1.16884
750	4.92	1.16477
751	4.92	1.16071
752	4.92	1.15665
753	4.92	1.15259
754	4.92	1.14853
755	4.92	1.14447
756	4.92	1.14041
757	4.9199	1.13643
758	4.9198	1.13247
759	4.91969	1.1285
760	4.91958	1.12453
761	4.91947	1.12057
762	4.91937	1.1166
763	4.91926	1.11264
764	4.91915	1.10867
765	4.91905	1.10471
766	4.91894	1.10086
767	4.91884	1.09709
768	4.91873	1.09333
769	4.91863	1.08957
770	4.91852	1.08581
771	4.91842	1.08205
772	4.91831	1.07829
773	4.91821	1.07452
774	4.9181	1.07076
775	4.918	1.067
776	4.9178	1.06333
777	4.91759	1.05966
778	4.91739	1.05599
779	4.91718	1.05232
780	4.91698	1.04865
781	4.91678	1.04498
782	4.91657	1.04131
783	4.91637	1.03764
784	4.91617	1.03397
785	4.91594	1.03034
786	4.91565	1.02686
787	4.91535	1.02338
788	4.91505	1.0199
789	4.91475	1.01642
790	4.91445	1.01294
791	4.91415	1.00946
792	4.91386	1.00599
793	4.91356	1.00251
794	4.91326	0.99903
795	4.91295	0.99555
796	4.91256	0.99206
797	4.91217	0.98857
798	4.91179	0.98508
799	4.9114	0.98159
800	4.91101	0.9781