300	0.81798	2.40101	1.44974	2.54784
301	0.82249	2.41005	1.45878	2.54784
302	0.827	2.41908	1.46781	2.54784
303	0.83151	2.42812	1.47685	2.54784
304	0.83602	2.43715	1.48588	2.54784
305	0.84053	2.44619	1.49492	2.54784
306	0.84504	2.45522	1.50395	2.54784
307	0.84955	2.46426	1.51299	2.54784
308	0.85405	2.47329	1.52202	2.54784
309	0.85856	2.48233	1.53106	2.54784
310	0.86307	2.49136	1.54009	2.54784
311	0.86758	2.5004	1.54913	2.54784
312	0.87209	2.50943	1.55816	2.54784
313	0.8766	2.51847	1.5672	2.54784
314	0.88111	2.5275	1.57623	2.54784
315	0.88562	2.53654	1.58527	2.54784
316	0.89013	2.54557	1.5943	2.54784
317	0.89464	2.52819	1.60334	2.54784
318	0.89915	2.5396	1.61237	2.54784
319	0.90366	2.55097	1.62141	2.54784
320	0.90817	2.5623	1.63044	2.54784
321	0.91268	2.57358	1.63948	2.54784
322	0.91719	2.58482	1.64851	2.54784
323	0.9217	2.59601	1.65755	2.54784
324	0.92621	2.60716	1.66658	2.54784
325	0.93071	2.61827	1.67562	2.54784
326	0.93522	2.62933	1.68465	2.54784
327	0.93973	2.64035	1.69369	2.54784
328	0.94424	2.65133	1.70272	2.54784
329	0.94875	2.66226	1.71176	2.54784
330	0.95326	2.67315	1.72079	2.54784
331	0.95777	2.68399	1.72983	2.54784
332	0.96228	2.69479	1.73886	2.54784
333	0.96679	2.70555	1.74789	2.54784
334	0.9713	2.71626	1.75693	2.54784
335	0.97581	2.72693	1.76596	2.54784
336	0.98032	2.73756	1.775	2.54784
337	0.98483	2.74814	1.78403	2.54784
338	0.98934	2.75868	1.79307	2.54784
339	0.99385	2.76918	1.8021	2.54784
340	0.99836	2.77963	1.81114	2.54784
341	1.00286	2.79004	1.82017	2.54784
342	1.00737	2.80041	1.82921	2.54784
343	1.01188	2.81073	1.83824	2.54784
344	1.01639	2.82101	1.84728	2.54784
345	1.0209	2.83125	1.85631	2.54784
346	1.02541	2.84144	1.86535	2.54784
347	1.02992	2.85159	1.87438	2.54784
348	1.03443	2.8617	1.88342	2.54784
349	1.03894	2.87177	1.89245	2.54784
350	1.04345	2.88179	1.90149	2.54784
351	1.04796	2.89177	1.91052	2.54784
352	1.05247	2.90171	1.91956	2.54784
353	1.05698	2.9116	1.92859	2.54784
354	1.06149	2.92146	1.93763	2.54784
355	1.066	2.93127	1.94666	2.54784
356	1.07051	2.94103	1.9557	2.54784
357	1.07501	2.95076	1.96473	2.54784
358	1.07952	2.96044	1.97377	2.54784
359	1.08403	2.97008	1.9828	2.54784
360	1.08854	2.97968	1.99184	2.54784
361	1.09305	2.98923	2.00087	2.54784
362	1.09756	2.99875	2.00991	2.54784
363	1.10207	3.00822	2.01894	2.54784
364	1.10658	3.01765	2.02798	2.54784
365	1.11109	3.02703	2.03701	2.54784
366	1.1156	3.03638	2.04605	2.54784
367	1.1237	3.04568	2.05508	2.54784
368	1.13186	3.05494	2.06412	2.54784
369	1.14022	3.06416	2.07315	2.54784
370	1.14924	3.07333	2.08219	2.54784
371	1.15826	3.08247	2.09122	2.54784
372	1.16728	3.09156	2.10026	2.54784
373	1.17629	3.10061	2.10929	2.54784
374	1.18531	3.10962	2.11833	2.54784
375	1.19433	3.11859	2.12736	2.54784
376	1.20335	3.12752	2.1364	2.54784
377	1.21237	3.1364	2.14543	2.54784
378	1.22139	3.14524	2.15447	2.54784
379	1.23041	3.15404	2.1635	2.54784
380	1.23943	3.1628	2.17254	2.54784
381	1.24844	3.17152	2.18157	2.54784
382	1.25746	3.1802	2.19061	2.54784
383	1.26648	3.18884	2.19964	2.54784
384	1.2755	3.19743	2.20867	2.54784
385	1.28452	3.20598	2.21771	2.54784
386	1.29354	3.2145	2.22674	2.54784
387	1.30256	3.22297	2.23578	2.54784
388	1.31158	3.2314	2.24481	2.54784
389	1.32059	3.23978	2.25385	2.54784
390	1.32961	3.24813	2.26288	2.54784
391	1.33863	3.25644	2.27192	2.54784
392	1.34765	3.26471	2.28095	2.54784
393	1.35667	3.27293	2.28999	2.54784
394	1.36569	3.28111	2.29902	2.54784
395	1.37471	3.28926	2.30806	2.54784
396	1.38373	3.29736	2.31709	2.54784
397	1.39274	3.30542	2.32613	2.54784
398	1.40176	3.31344	2.33516	2.54784
399	1.41078	3.32142	2.3442	2.54784
400	1.4198	3.32936	2.35323	2.54784
401	1.42882	3.33726	2.36227	2.54784
402	1.43784	3.34512	2.3713	2.54784
403	1.44686	3.35294	2.38034	2.54784
404	1.45588	3.36072	2.38937	2.54784
405	1.46489	3.36846	2.39841	2.54784
406	1.47391	3.37616	2.40744	2.54784
407	1.48293	3.38381	2.41648	2.54784
408	1.49195	3.39143	2.42551	2.54784
409	1.50097	3.39901	2.43455	2.54784
410	1.50999	3.40654	2.44358	2.54784
411	1.51901	3.41404	2.45262	2.54784
412	1.52803	3.4215	2.46165	2.54784
413	1.53705	3.42892	2.47069	2.54784
414	1.54606	3.43629	2.47972	2.54784
415	1.55508	3.44363	2.48876	2.54784
416	1.5641	3.45093	2.49779	2.54784
417	1.57312	3.45818	2.50683	2.54784
418	1.58214	3.4654	2.51586	2.54784
419	1.59116	3.47258	2.5249	2.54784
420	1.60018	3.47972	2.53393	2.54784
421	1.6092	3.48682	2.54297	2.54784
422	1.61821	3.49388	2.552	2.54784
423	1.62723	3.5009	2.56104	2.54784
424	1.63625	3.50788	2.57007	2.54784
425	1.64527	3.51482	2.57911	2.54784
426	1.65429	3.52172	2.58814	2.54784
427	1.66331	3.52858	2.59718	2.54784
428	1.67233	3.5354	2.60621	2.54784
429	1.68135	3.54219	2.61525	2.54784
430	1.69036	3.54893	2.62428	2.54784
431	1.69938	3.55563	2.63332	2.54784
432	1.7084	3.5623	2.64235	2.54784
433	1.71742	3.56893	2.65139	2.54784
434	1.72644	3.57551	2.66042	2.54784
435	1.73546	3.58206	2.66946	2.54784
436	1.74448	3.58857	2.67849	2.54784
437	1.7535	3.59504	2.68752	2.54784
438	1.76251	3.60148	2.69656	2.54784
439	1.77153	3.60787	2.70559	2.54784
440	1.78055	3.61422	2.71463	2.54784
441	1.78957	3.62054	2.72366	2.54784
442	1.79859	3.62682	2.7327	2.54784
443	1.80761	3.63305	2.74173	2.54784
444	1.81663	3.63925	2.75077	2.54784
445	1.82565	3.64541	2.7598	2.54784
446	1.83466	3.65154	2.76884	2.54784
447	1.84368	3.65762	2.77787	2.54784
448	1.8527	3.66367	2.78691	2.54784
449	1.86172	3.66967	2.79594	2.54784
450	1.87074	3.67564	2.80498	2.54784
451	1.87976	3.68157	2.81401	2.54784
452	1.88878	3.68747	2.82305	2.54784
453	1.8978	3.69332	2.83208	2.54784
454	1.90681	3.69914	2.84112	2.54784
455	1.91583	3.70492	2.85015	2.54784
456	1.92485	3.71066	2.85919	2.54784
457	1.93387	3.71636	2.86822	2.54784
458	1.94289	3.72202	2.87726	2.54784
459	1.95191	3.72765	2.88629	2.54784
460	1.96093	3.73324	2.89533	2.54784
461	1.96995	3.73879	2.90436	2.54784
462	1.97896	3.7443	2.9134	2.54784
463	1.98798	3.74978	2.92243	2.54784
464	1.997	3.75521	2.93147	2.54784
465	2.00602	3.76061	2.9405	2.54784
466	2.01504	3.76597	2.94954	2.54784
467	2.02406	3.7713	2.95857	2.54784
468	2.03308	3.77659	2.96761	2.54784
469	2.0421	3.78184	2.97664	2.54784
470	2.05112	3.78705	2.98568	2.54784
471	2.06061	3.79222	2.99471	2.54784
472	2.07027	3.79736	3.00375	2.54784
473	2.07993	3.80246	3.01278	2.54784
474	2.09045	3.80752	3.02182	2.54784
475	2.10098	3.81255	3.11613	2.54784
476	2.1115	3.81754	3.12383	2.54784
477	2.12202	3.82249	3.13152	2.54784
478	2.13254	3.8274	3.13918	2.54784
479	2.14306	3.83228	3.14682	2.54784
480	2.15359	3.83712	3.15444	2.54784
481	2.16411	3.84192	3.16203	2.54784
482	2.17463	3.84669	3.16961	2.54784
483	2.18515	3.85142	3.17716	2.54784
484	2.19567	3.85611	3.1847	2.54784
485	2.20619	3.86077	3.19221	2.54784
486	2.21672	3.86539	3.1997	2.54784
487	2.22724	3.86997	3.20716	2.54784
488	2.23776	3.87451	3.21461	2.54784
489	2.24828	3.87902	3.22204	2.54784
490	2.2588	3.8835	3.22944	2.54784
491	2.26933	3.88793	3.23682	2.54784
492	2.27985	3.89233	3.24419	2.54784
493	2.29037	3.8967	3.25153	2.54784
494	2.30089	3.90102	3.25885	2.54784
495	2.31141	3.90531	3.26614	2.54784
496	2.32194	3.90957	3.27342	2.54784
497	2.33246	3.91379	3.28068	2.54784
498	2.34298	3.91797	3.28791	2.54784
499	2.3535	3.92212	3.29512	2.54784
500	2.36402	3.92623	3.30232	2.54784
501	2.37455	3.9303	3.30949	2.54784
502	2.38507	3.93434	3.31664	2.54784
503	2.39559	3.93834	3.32377	2.54784
504	2.40611	3.94231	3.33088	2.54784
505	2.41663	3.94624	3.33797	2.54784
506	2.42715	3.95013	3.34503	2.54784
507	2.43768	3.95399	3.35208	2.54784
508	2.4482	3.95781	3.35911	2.54784
509	2.45872	3.9616	3.36611	2.54784
510	2.46924	3.96535	3.37309	2.54784
511	2.47976	3.96907	3.38006	2.54784
512	2.49029	3.97275	3.387	2.54784
513	2.50081	3.97639	3.39392	2.54784
514	2.51133	3.98	3.40082	2.54784
515	2.52185	3.98358	3.4077	2.54784
516	2.53237	3.98711	3.41456	2.54784
517	2.5429	3.99062	3.4214	2.54784
518	2.55342	3.99409	3.42822	2.54784
519	2.56394	3.99752	3.43502	2.54784
520	2.57446	4.00092	3.4418	2.54784
521	2.58498	4.00428	3.44855	2.54784
522	2.59551	4.00761	3.45529	2.54784
523	2.60603	4.0109	3.46201	2.54784
524	2.61655	4.01416	3.4687	2.54784
525	2.62707	4.01738	3.47538	2.54784
526	2.63759	4.02057	3.48203	2.54784
527	2.64811	4.02372	3.48867	2.54705
528	2.65864	4.02684	3.49528	2.54254
529	2.66916	4.02992	3.50188	2.53802
530	2.67968	4.03297	3.50845	2.5335
531	2.6902	4.03598	3.51501	2.52898
532	2.70072	4.03896	3.52154	2.52447
533	2.71125	4.04191	3.52805	2.51995
534	2.72177	4.04483	3.53455	2.51543
535	2.73229	4.04771	3.54102	2.51091
536	2.74281	4.05055	3.54747	2.5064
537	2.75333	4.05337	3.55391	2.50188
538	2.76386	4.05615	3.56032	2.49736
539	2.77438	4.0589	3.56671	2.49284
540	2.7849	4.06162	3.57309	2.48833
541	2.79542	4.0643	3.57944	2.48381
542	2.80594	4.06696	3.58578	2.47929
543	2.81647	4.06958	3.59209	2.47478
544	2.82699	4.07217	3.59838	2.47026
545	2.83751	4.07473	3.60466	2.46574
546	2.84803	4.07726	3.61091	2.46122
547	2.85855	4.07975	3.61715	2.45671
548	2.86907	4.08222	3.62336	2.45219
549	2.8796	4.08466	3.62956	2.44767
550	2.89012	4.08707	3.63573	2.44315
551	2.90064	4.08945	3.64189	2.43864
552	2.91116	4.09179	3.64802	2.43412
553	2.92168	4.09411	3.65414	2.4296
554	2.93221	4.0964	3.66024	2.42508
555	2.94273	4.09866	3.66631	2.42057
556	2.95325	4.1009	3.67237	2.41605
557	2.96377	4.1031	3.67841	2.41153
558	2.97429	4.10527	3.68443	2.40701
559	2.98482	4.10742	3.69043	2.4025
560	2.99534	4.10954	3.69641	2.39798
561	3.00586	4.11163	3.70237	2.39346
562	3.01638	4.1137	3.70831	2.38894
563	3.0269	4.11574	3.71423	2.38443
564	3.03743	4.11775	3.72013	2.37991
565	3.04795	4.11973	3.72602	2.37539
566	3.05847	4.12169	3.73188	2.37087
567	3.06899	4.12362	3.73772	2.36636
568	3.07951	4.12552	3.74355	2.36184
569	3.09003	4.1274	3.74936	2.35732
570	3.10056	4.12926	3.75514	2.3528
571	3.11108	4.13109	3.76091	2.34829
572	3.1216	4.13289	3.76666	2.34377
573	3.13212	4.13467	3.77239	2.33925
574	3.14264	4.13642	3.7781	2.33473
575	3.15317	4.13815	3.78379	2.33022
576	3.16369	4.13985	3.78946	2.3257
577	3.17421	4.14153	3.79512	2.32118
578	3.18473	4.14319	3.80075	2.31666
579	3.19525	4.14482	3.80637	2.31215
580	3.20578	4.14643	3.81197	2.30763
581	3.2163	4.14802	3.81754	2.30311
582	3.22682	4.14958	3.8231	2.29859
583	3.23734	4.15112	3.82864	2.29408
584	3.24786	4.15264	3.83417	2.28956
585	3.25838	4.15414	3.83967	2.28504
586	3.26891	4.15561	3.84515	2.28052
587	3.27943	4.15706	3.85062	2.27601
588	3.28995	4.15849	3.85606	2.27149
589	3.30047	4.1599	3.86149	2.26697
590	3.31099	4.16129	3.8669	2.26245
591	3.32152	4.16266	3.87229	2.25794
592	3.33204	4.164	3.87767	2.25342
593	3.34256	4.16533	3.88302	2.2489
594	3.35308	4.16663	3.88836	2.24439
595	3.3636	4.16792	3.89367	2.23987
596	3.37413	4.16918	3.89897	2.23535
597	3.38465	4.17043	3.90425	2.23083
598	3.39517	4.17165	3.90951	2.22632
599	3.40569	4.17286	3.91475	2.2218
600	3.41621	4.17405	3.91998	2.21728
601	3.42674	4.17521	3.92519	2.21276
602	3.43726	4.17636	3.93037	2.20825
603	3.44778	4.17749	3.93554	2.20373
604	3.4583	4.17861	3.9407	2.19921
605	3.46882	4.1797	3.94583	2.19469
606	3.47934	4.18078	3.95094	2.19018
607	3.48987	4.18184	3.95604	2.18566
608	3.50039	4.18288	3.96112	2.18114
609	3.51091	4.18391	3.96618	2.17662
610	3.52143	4.18492	3.97122	2.17211
611	3.53195	4.18591	3.97625	2.16759
612	3.54248	4.18688	3.98125	2.16307
613	3.553	4.18784	3.98624	2.15855
614	3.56352	4.18879	3.99121	2.15404
615	3.57404	4.18971	3.99617	2.14952
616	3.58456	4.19063	4.0011	2.145
617	3.59509	4.19152	4.00602	2.14048
618	3.60561	4.19241	4.01092	2.13597
619	3.61613	4.19327	4.0158	2.13145
620	3.62665	4.19412	4.02066	2.12693
621	3.63717	4.19496	4.02551	2.12241
622	3.6477	4.19578	4.03033	2.1179
623	3.65822	4.19659	4.03514	2.11338
624	3.66874	4.19739	4.03994	2.10886
625	3.67926	4.19817	4.04471	2.10434
626	3.68978	4.19894	4.04947	2.09983
627	3.7003	4.1997	4.05421	2.09531
628	3.71083	4.20044	4.05893	2.09079
629	3.72135	4.20117	4.06363	2.08627
630	3.72848	4.20189	4.06832	2.08176
631	3.73393	4.20259	4.07299	2.07724
632	3.73938	4.20328	4.07764	2.07272
633	3.74396	4.20397	4.08227	2.06954
634	3.74847	4.20464	4.08689	2.06652
635	3.75298	4.20529	4.09149	2.06351
636	3.75749	4.20594	4.09607	2.0605
637	3.762	4.20658	4.10064	2.05749
638	3.76651	4.2072	4.10518	2.05448
639	3.77102	4.20782	4.10971	2.05147
640	3.77553	4.20842	4.11423	2.04845
641	3.78004	4.20902	4.11872	2.04544
642	3.78455	4.2096	4.1232	2.04243
643	3.78906	4.21018	4.12766	2.03942
644	3.79357	4.21074	4.1321	2.03641
645	3.79808	4.2113	4.13653	2.0334
646	3.80258	4.21185	4.14094	2.03039
647	3.80709	4.21238	4.14533	2.02737
648	3.8116	4.21291	4.14971	2.02436
649	3.81611	4.21344	4.15406	2.02135
650	3.82062	4.21395	4.15841	2.01834
651	3.82513	4.21446	4.16273	2.01533
652	3.82964	4.21495	4.16704	2.01232
653	3.83415	4.21544	4.17133	2.0093
654	3.83866	4.21593	4.1756	2.00629
655	3.84317	4.2164	4.17986	2.00328
656	3.84768	4.21687	4.1841	2.00027
657	3.85219	4.21734	4.18832	1.99726
658	3.8567	4.21779	4.19252	1.99425
659	3.86121	4.21824	4.19671	1.99123
660	3.86572	4.21869	4.20089	1.98822
661	3.87023	4.21913	4.20504	1.98521
662	3.87473	4.21956	4.20918	1.9822
663	3.87924	4.21999	4.2133	1.97919
664	3.88375	4.22041	4.21741	1.97618
665	3.88826	4.22083	4.2215	1.97316
666	3.89277	4.22124	4.22557	1.97015
667	3.89728	4.22165	4.22963	1.96714
668	3.90179	4.22206	4.23367	1.96413
669	3.9063	4.22246	4.23769	1.96112
670	3.91081	4.22286	4.24169	1.95811
671	3.91532	4.22325	4.24568	1.95509
672	3.91983	4.22364	4.24966	1.95208
673	3.92434	4.22403	4.25361	1.94907
674	3.92885	4.22441	4.25756	1.94606
675	3.93336	4.2248	4.26148	1.94305
676	3.93787	4.22518	4.26539	1.94004
677	3.94238	4.22555	4.26928	1.93702
678	3.94688	4.22593	4.27315	1.93401
679	3.95139	4.2263	4.27701	1.931
680	3.9559	4.22667	4.28086	1.92799
681	3.96041	4.22704	4.28468	1.92498
682	3.96654	4.22741	4.28849	1.92197
683	3.97399	4.22778	4.29229	1.91895
684	3.98143	4.22815	4.29607	1.91594
685	3.99015	4.22852	4.29983	1.91293
686	3.99917	4.22889	4.30358	1.90992
687	4.00819	4.22925	4.30731	1.90691
688	4.01721	4.22962	4.31102	1.9039
689	4.02623	4.22999	4.31472	1.90088
690	4.03524	4.23035	4.3184	1.89787
691	4.04426	4.23072	4.32207	1.89486
692	4.05328	4.23108	4.32572	1.89185
693	4.0623	4.23145	4.32935	1.88884
694	4.07132	4.23181	4.33297	1.88583
695	4.08034	4.23217	4.33657	1.88281
696	4.08936	4.23253	4.34016	1.8798
697	4.09838	4.23289	4.34373	1.87679
698	4.1074	4.23325	4.34729	1.87378
699	4.11641	4.23361	4.35083	1.87077
700	4.12543	4.23397	4.35435	1.86776
701	4.13445	4.23433	4.35786	1.86475
702	4.14347	4.23468	4.36135	1.86173
703	4.15249	4.23504	4.36483	1.85872
704	4.16151	4.23539	4.36829	1.85571
705	4.17053	4.23574	4.37174	1.8527
706	4.17955	4.23609	4.37517	1.84969
707	4.18856	4.23644	4.37858	1.84668
708	4.19758	4.23679	4.38198	1.84366
709	4.2066	4.23713	4.38537	1.84065
710	4.21562	4.23748	4.38874	1.83764
711	4.22464	4.23782	4.39209	1.83463
712	4.23366	4.23816	4.39543	1.83162
713	4.24268	4.2385	4.39875	1.82861
714	4.2517	4.23884	4.40206	1.82559
715	4.26071	4.23918	4.40535	1.82258
716	4.26973	4.23951	4.40863	1.81957
717	4.27875	4.23984	4.41189	1.81656
718	4.28777	4.24017	4.41514	1.81355
719	4.29679	4.2405	4.41837	1.81054
720	4.30581	4.24083	4.42158	1.80752
721	4.31483	4.24115	4.42479	1.80451
722	4.32385	4.24147	4.42797	1.8015
723	4.33286	4.24179	4.43114	1.79849
724	4.34188	4.24211	4.4343	1.79548
725	4.3509	4.24242	4.43744	1.79247
726	4.35992	4.24273	4.44056	1.78945
727	4.36894	4.24304	4.44368	1.78644
728	4.37796	4.24335	4.44677	1.78343
729	4.38698	4.24366	4.44985	1.78042
730	4.396	4.24396	4.45292	1.77741
731	4.40501	4.24426	4.45597	1.7744
732	4.41403	4.24456	4.45901	1.77138
733	4.42305	4.24485	4.46203	1.76837
734	4.43207	4.24514	4.46504	1.76536
735	4.44109	4.24543	4.46803	1.76235
736	4.45011	4.24571	4.47101	1.75934
737	4.45913	4.246	4.47397	1.75633
738	4.46815	4.24628	4.47692	1.75331
739	4.47716	4.24655	4.47985	1.7503
740	4.48618	4.24683	4.48277	1.74729
741	4.4952	4.2471	4.48567	1.74428
742	4.50422	4.24736	4.48856	1.74127
743	4.51324	4.24763	4.49144	1.73826
744	4.52226	4.24789	4.4943	1.73524
745	4.53128	4.24814	4.49714	1.73223
746	4.5403	4.2484	4.49998	1.72922
747	4.54931	4.24865	4.50279	1.72621
748	4.55833	4.24889	4.5056	1.7232
749	4.56735	4.24913	4.50839	1.72019
750	4.57637	4.24937	4.51116	1.71718
751	4.58539	4.24961	4.51392	1.71416
752	4.59441	4.24984	4.51666	1.71115
753	4.60343	4.25007	4.5194	1.70814
754	4.61245	4.25029	4.52211	1.70513
755	4.62146	4.25051	4.52482	1.70212
756	4.63048	4.25073	4.5275	1.69911
757	4.6395	4.25094	4.53018	1.69609
758	4.64852	4.25115	4.53284	1.69308
759	4.65754	4.25135	4.53549	1.69007
760	4.66656	4.25155	4.53812	1.68706
761	4.67558	4.25174	4.54074	1.68405
762	4.6846	4.25193	4.54334	1.68104
763	4.69362	4.25212	4.54593	1.67802
764	4.70263	4.2523	4.54851	1.67501
765	4.71165	4.25248	4.55107	1.672
766	4.72067	4.25265	4.55362	1.66899
767	4.72969	4.25282	4.55615	1.66598
768	4.73871	4.25299	4.55867	1.66297
769	4.74773	4.25314	4.56118	1.65995
770	4.75675	4.2533	4.56367	1.65694
771	4.76577	4.25345	4.56615	1.65393
772	4.77478	4.25359	4.56862	1.65092
773	4.7838	4.25373	4.57107	1.64791
774	4.79282	4.25387	4.57351	1.6449
775	4.80184	4.254	4.57593	1.64188
776	4.81086	4.25412	4.57834	1.63887
777	4.81988	4.25424	4.58074	1.63586
778	4.8289	4.25436	4.58312	1.63285
779	4.83792	4.25447	4.58549	1.62984
780	4.84693	4.25457	4.58785	1.62683
781	4.85595	4.25467	4.59019	1.62381
782	4.86497	4.25477	4.59252	1.6208
783	4.87399	4.25485	4.59484	1.61779
784	4.88301	4.25494	4.59714	1.61478
785	4.89203	4.25501	4.59943	1.61177
786	4.90066	4.25509	4.6017	1.60876
787	4.90848	4.25515	4.60397	1.60574
788	4.9163	4.25521	4.60621	1.60273
789	4.92221	4.25527	4.60845	1.59972
790	4.92672	4.25532	4.61067	1.59671
791	4.93123	4.25536	4.61288	1.59226
792	4.93574	4.2554	4.61508	1.58775
793	4.94025	4.25543	4.61726	1.58323
794	4.94476	4.25545	4.61943	1.57871
795	4.94927	4.25547	4.62159	1.57419
796	4.95378	4.25549	4.62373	1.56968
797	4.95829	4.25549	4.62586	1.56516
798	4.9628	4.25549	4.62798	1.56064
799	4.96731	4.25549	4.63008	1.55612