300	1.71385	2.26493	1.6727	1.05339
301	1.72322	2.27039	1.67739	1.05862
302	1.73262	2.27577	1.68214	1.06381
303	1.74203	2.28113	1.6869	1.06897
304	1.75147	2.28643	1.69172	1.07409
305	1.76094	2.29167	1.69657	1.07917
306	1.77043	2.29687	1.70145	1.08424
307	1.77994	2.30201	1.70638	1.08925
308	1.78948	2.3071	1.71134	1.09423
309	1.79903	2.31215	1.71633	1.09919
310	1.80861	2.31713	1.72137	1.10409
311	1.81821	2.32207	1.72644	1.10897
312	1.82784	2.32696	1.73154	1.11381
313	1.83749	2.33179	1.73669	1.11861
314	1.84715	2.33658	1.74185	1.12339
315	1.85684	2.34131	1.74707	1.12811
316	1.86655	2.34599	1.75231	1.13281
317	1.87627	2.35063	1.75758	1.13748
318	1.88603	2.35519	1.7629	1.14209
319	1.89579	2.35972	1.76823	1.14667
320	1.90558	2.3642	1.77361	1.15122
321	1.91539	2.36861	1.77902	1.15572
322	1.92522	2.37299	1.78445	1.1602
323	1.93507	2.3773	1.78993	1.16463
324	1.94494	2.38156	1.79543	1.16902
325	1.95482	2.38578	1.80095	1.17339
326	1.96472	2.38993	1.80652	1.17769
327	1.97464	2.39404	1.81211	1.18198
328	1.98458	2.39809	1.81774	1.18622
329	1.99454	2.40209	1.82339	1.19041
330	2.00451	2.40605	1.82907	1.19458
331	2.0145	2.40993	1.83478	1.1987
332	2.02451	2.41377	1.84052	1.20278
333	2.03453	2.41758	1.84628	1.20683
334	2.04457	2.4213	1.85209	1.21082
335	2.05462	2.42499	1.85791	1.21479
336	2.06469	2.42862	1.86376	1.21872
337	2.07478	2.43219	1.86964	1.22259
338	2.08488	2.43572	1.87554	1.22644
339	2.09499	2.43918	1.88148	1.23024
340	2.10512	2.44259	1.88743	1.234
341	2.11526	2.44597	1.89341	1.23773
342	2.12542	2.44926	1.89943	1.2414
343	2.13559	2.45252	1.90546	1.24504
344	2.14577	2.45572	1.91152	1.24864
345	2.15597	2.45886	1.9176	1.25218
346	2.16617	2.46196	1.92371	1.25571
347	2.1764	2.46499	1.92984	1.25917
348	2.18663	2.46797	1.936	1.2626
349	2.19687	2.47092	1.94217	1.266
350	2.20713	2.47378	1.94838	1.26933
351	2.21739	2.4766	1.9546	1.27264
352	2.22767	2.47937	1.96085	1.2759
353	2.23796	2.48207	1.96712	1.27912
354	2.24825	2.48474	1.97341	1.2823
355	2.25856	2.48733	1.97972	1.28543
356	2.26887	2.48987	1.98606	1.28852
357	2.27919	2.49238	1.9924	1.29157
358	2.28953	2.4948	1.99879	1.29457
359	2.29987	2.49719	2.00518	1.29753
360	2.31022	2.49952	2.01159	1.30045
361	2.32058	2.50178	2.01803	1.30332
362	2.33094	2.504	2.02448	1.30615
363	2.34131	2.50616	2.03096	1.30893
364	2.35169	2.50826	2.03745	1.31167
365	2.36207	2.51033	2.04396	1.31438
366	2.37247	2.5123	2.05049	1.31702
367	2.38286	2.51424	2.05704	1.31964
368	2.39326	2.51614	2.0636	1.32221
369	2.40367	2.51795	2.07018	1.32472
370	2.41408	2.51973	2.07678	1.3272
371	2.4245	2.52144	2.08339	1.32963
372	2.43492	2.5231	2.09003	1.33201
373	2.44534	2.52472	2.09667	1.33436
374	2.45577	2.52626	2.10334	1.33664
375	2.4662	2.52775	2.11001	1.33889
376	2.47663	2.5292	2.1167	1.34111
377	2.48706	2.53056	2.12341	1.34326
378	2.4975	2.5319	2.13013	1.34537
379	2.50793	2.53317	2.13687	1.34744
380	2.51837	2.53437	2.14362	1.34946
381	2.52881	2.53555	2.15038	1.35144
382	2.53925	2.53663	2.15716	1.35336
383	2.54969	2.53768	2.16395	1.35525
384	2.56013	2.53868	2.17074	1.35709
385	2.57057	2.5396	2.17756	1.35887
386	2.581	2.54049	2.18438	1.36062
387	2.59144	2.54131	2.19122	1.36232
388	2.60187	2.54207	2.19807	1.36396
389	2.6123	2.54279	2.20492	1.36558
390	2.62273	2.54343	2.21179	1.36713
391	2.63316	2.54403	2.21867	1.36864
392	2.64358	2.54458	2.22555	1.37011
393	2.654	2.54505	2.23245	1.37151
394	2.66442	2.54549	2.23936	1.37289
395	2.67483	2.54586	2.24627	1.37421
396	2.68523	2.54618	2.2532	1.37548
397	2.69563	2.54645	2.26013	1.37671
398	2.70603	2.54665	2.26707	1.37788
399	2.71642	2.5468	2.27401	1.37901
400	2.7268	2.5469	2.28096	1.38011
401	2.73718	2.54693	2.28792	1.38113
402	2.74755	2.54692	2.29489	1.38212
403	2.75791	2.54685	2.30186	1.38306
404	2.76826	2.54671	2.30884	1.38395
405	2.77861	2.54654	2.31582	1.3848
406	2.78894	2.54629	2.3228	1.38559
407	2.79927	2.546	2.3298	1.38633
408	2.80959	2.54566	2.33679	1.38704
409	2.8199	2.54524	2.34379	1.38768
410	2.8302	2.54479	2.35079	1.38829
411	2.84049	2.54428	2.3578	1.38884
412	2.85076	2.5437	2.3648	1.38934
413	2.86103	2.54309	2.37181	1.38981
414	2.87129	2.5424	2.37882	1.39021
415	2.88153	2.54166	2.38584	1.39056
416	2.89176	2.54089	2.39285	1.39088
417	2.90197	2.54003	2.39987	1.39113
418	2.91218	2.53914	2.40688	1.39135
419	2.92237	2.53819	2.4139	1.39151
420	2.93255	2.53717	2.42091	1.39162
421	2.94271	2.53612	2.42793	1.3917
422	2.95286	2.535	2.43494	1.39171
423	2.96299	2.53383	2.44195	1.39167
424	2.97311	2.53262	2.44896	1.39161
425	2.98321	2.53133	2.45596	1.39146
426	2.99329	2.53001	2.46297	1.39129
427	3.00336	2.52863	2.46997	1.39106
428	3.01341	2.52719	2.47696	1.39078
429	3.02345	2.52571	2.48396	1.39046
430	3.03347	2.52416	2.49095	1.39008
431	3.04346	2.52256	2.49793	1.38965
432	3.05345	2.52093	2.50491	1.38919
433	3.06341	2.51921	2.51188	1.38866
434	3.07335	2.51747	2.51885	1.38809
435	3.08327	2.51567	2.52581	1.38747
436	3.09317	2.5138	2.53277	1.3868
437	3.10306	2.5119	2.53972	1.38609
438	3.11292	2.50994	2.54665	1.38532
439	3.12276	2.50792	2.55359	1.3845
440	3.13259	2.50588	2.56051	1.38365
441	3.14238	2.50375	2.56742	1.38272
442	3.15216	2.50159	2.57433	1.38176
443	3.16191	2.49938	2.58123	1.38076
444	3.17164	2.4971	2.58811	1.37969
445	3.18135	2.49479	2.59499	1.37859
446	3.19103	2.49243	2.60185	1.37743
447	3.20069	2.49001	2.60871	1.37622
448	3.21033	2.48755	2.61555	1.37498
449	3.21994	2.48503	2.62238	1.37367
450	3.22953	2.48246	2.6292	1.37232
451	3.23909	2.47986	2.63601	1.37093
452	3.24863	2.47718	2.64279	1.36948
453	3.25814	2.47448	2.64958	1.36799
454	3.26762	2.47172	2.65634	1.36645
455	3.27708	2.46891	2.66309	1.36486
456	3.28652	2.46606	2.66983	1.36323
457	3.29591	2.46315	2.67654	1.36154
458	3.30529	2.4602	2.68325	1.35981
459	3.31464	2.45721	2.68994	1.35803
460	3.32396	2.45416	2.69661	1.3562
461	3.33325	2.45107	2.70326	1.35433
462	3.34252	2.44793	2.7099	1.35241
463	3.35175	2.44474	2.71652	1.35044
464	3.36096	2.44153	2.72312	1.34844
465	3.37013	2.43824	2.7297	1.34637
466	3.37927	2.43492	2.73627	1.34426
467	3.38839	2.43156	2.74282	1.34212
468	3.39747	2.42814	2.74934	1.33991
469	3.40653	2.42469	2.75585	1.33767
470	3.41555	2.42119	2.76233	1.33538
471	3.42454	2.41764	2.76879	1.33303
472	3.4335	2.41407	2.77524	1.33066
473	3.44242	2.41043	2.78166	1.32823
474	3.45132	2.40675	2.78806	1.32575
475	3.46019	2.40305	2.79444	1.32325
476	3.46901	2.39928	2.80079	1.32067
477	3.47781	2.39548	2.80713	1.31807
478	3.48657	2.39164	2.81344	1.31542
479	3.49529	2.38775	2.81972	1.31272
480	3.50399	2.38383	2.82598	1.30999
481	3.51265	2.37986	2.83222	1.3072
482	3.52127	2.37585	2.83843	1.30437
483	3.52988	2.37181	2.84462	1.30151
484	3.53842	2.36771	2.85078	1.29858
485	3.54695	2.36358	2.85692	1.29563
486	3.55543	2.35942	2.86303	1.29263
487	3.56388	2.35521	2.86912	1.28958
488	3.5723	2.35097	2.87518	1.2865
489	3.58067	2.34668	2.88122	1.28337
490	3.58901	2.34235	2.88723	1.28019
491	3.59733	2.338	2.89322	1.27699
492	3.60559	2.33359	2.89917	1.27372
493	3.61382	2.32916	2.90511	1.27042
494	3.62202	2.32469	2.91103	1.26709
495	3.63017	2.32018	2.91691	1.26369
496	3.63829	2.31564	2.92279	1.26027
497	3.64637	2.31106	2.92865	1.25679
498	3.65441	2.30644	2.9345	1.25326
499	3.66242	2.3018	2.94034	1.24969
500	3.67038	2.2971	2.94621	1.24604
501	3.67831	2.29238	2.95213	1.24234
502	3.6862	2.28763	2.95812	1.23855
503	3.69404	2.28283	2.96451	1.23454
504	3.70186	2.27802	2.97219	1.22996
505	3.70963	2.27316	2.98368	1.22377
506	3.71736	2.26827	2.98306	1.22248
507	3.72506	2.26336	2.97663	1.22355
508	3.7327	2.2584	2.98482	1.21853
509	3.74031	2.25341	2.99201	1.21389
510	3.74789	2.2484	2.99803	1.20969
511	3.75541	2.24335	3.00368	1.20558
512	3.76291	2.23828	3.00922	1.20148
513	3.77036	2.23317	3.01462	1.19737
514	3.77776	2.22803	3.01995	1.19325
515	3.78514	2.22287	3.02522	1.18911
516	3.79246	2.21766	3.03041	1.18494
517	3.79975	2.21244	3.03557	1.18075
518	3.807	2.20719	3.04068	1.17654
519	3.81419	2.2019	3.04572	1.17228
520	3.82136	2.19659	3.05074	1.16801
521	3.82848	2.19126	3.0557	1.1637
522	3.83556	2.18589	3.06062	1.15936
523	3.8426	2.1805	3.06551	1.155
524	3.84959	2.17508	3.07034	1.1506
525	3.85654	2.16964	3.07514	1.14618
526	3.86346	2.16417	3.0799	1.14174
527	3.87032	2.15867	3.0846	1.13725
528	3.87715	2.15316	3.08928	1.13274
529	3.88394	2.14761	3.09391	1.12821
530	3.89067	2.14204	3.09849	1.12364
531	3.89738	2.13645	3.10305	1.11906
532	3.90403	2.13083	3.10754	1.11444
533	3.91064	2.12519	3.112	1.1098
534	3.91722	2.11954	3.11643	1.10514
535	3.92374	2.11385	3.1208	1.10044
536	3.93023	2.10814	3.12514	1.09572
537	3.93667	2.10242	3.12943	1.09098
538	3.94307	2.09667	3.13367	1.08621
539	3.94943	2.0909	3.13789	1.08142
540	3.95574	2.08511	3.14205	1.0766
541	3.96201	2.07929	3.14616	1.07176
542	3.96825	2.07347	3.15025	1.06691
543	3.97442	2.06761	3.15428	1.06202
544	3.98056	2.06174	3.15827	1.05712
545	3.98666	2.05586	3.16222	1.05219
546	3.99271	2.04995	3.16611	1.04724
547	3.99873	2.04402	3.16998	1.04228
548	4.00469	2.03808	3.17379	1.03729
549	4.01061	2.03212	3.17756	1.03228
550	4.0165	2.02614	3.1813	1.02726
551	4.02233	2.02014	3.18497	1.02221
552	4.02813	2.01413	3.18861	1.01715
553	4.03389	2.00811	3.19221	1.01207
554	4.03958	2.00206	3.19575	1.00697
555	4.04525	1.99601	3.19926	1.00185
556	4.05087	1.98993	3.20272	0.99672
557	4.05645	1.98384	3.20613	0.99157
558	4.06199	1.97775	3.20951	0.98641
559	4.06748	1.97163	3.21283	0.98122
560	4.07292	1.9655	3.21611	0.97603
561	4.07834	1.95935	3.21935	0.97082
562	4.08369	1.95319	3.22253	0.9656
563	4.08901	1.94703	3.22568	0.96036
564	4.09429	1.94084	3.22878	0.95511
565	4.09952	1.93465	3.23183	0.94985
566	4.10472	1.92845	3.23485	0.94457
567	4.10986	1.92223	3.23781	0.93928
568	4.11496	1.916	3.24073	0.93399
569	4.12003	1.90976	3.24361	0.92868
570	4.12504	1.90351	3.24643	0.92336
571	4.13002	1.89725	3.24922	0.91803
572	4.13495	1.89098	3.25196	0.91269
573	4.13984	1.8847	3.25464	0.90734
574	4.14469	1.87842	3.2573	0.90198
575	4.14949	1.87212	3.2599	0.89662
576	4.15425	1.86581	3.26245	0.89124
577	4.15898	1.8595	3.26498	0.88586
578	4.16365	1.85318	3.26743	0.88047
579	4.16829	1.84685	3.26985	0.87508
580	4.17289	1.84051	3.27223	0.86968
581	4.17743	1.83417	3.27456	0.86427
582	4.18195	1.82782	3.27685	0.85886
583	4.18641	1.82146	3.27909	0.85344
584	4.19083	1.8151	3.28128	0.84802
585	4.19523	1.80873	3.28345	0.84259
586	4.19956	1.80236	3.28554	0.83716
587	4.20386	1.79598	3.2876	0.83173
588	4.20813	1.78959	3.28963	0.8263
589	4.21234	1.7832	3.29159	0.82086
590	4.21652	1.77681	3.29353	0.81542
591	4.22066	1.77041	3.29541	0.80998
592	4.22475	1.76401	3.29724	0.80453
593	4.22881	1.75761	3.29905	0.79909
594	4.23281	1.7512	3.30079	0.79364
595	4.23679	1.74479	3.3025	0.7882
596	4.24073	1.73837	3.30417	0.78276
597	4.24461	1.73195	3.30578	0.77731
598	4.24847	1.72554	3.30736	0.77187
599	4.25228	1.71911	3.30889	0.76643
600	4.25604	1.71269	3.31038	0.76099
601	4.25978	1.70627	3.31183	0.75555
602	4.26347	1.69984	3.31323	0.75012
603	4.26712	1.69342	3.31458	0.74469
604	4.27074	1.68699	3.31591	0.73926
605	4.2743	1.68056	3.31717	0.73384
606	4.27783	1.67413	3.31841	0.72842
607	4.28133	1.66771	3.3196	0.723
608	4.28478	1.66128	3.32074	0.71759
609	4.2882	1.65485	3.32185	0.71219
610	4.29157	1.64843	3.32291	0.70679
611	4.29491	1.642	3.32392	0.7014
612	4.29822	1.63558	3.32491	0.69601
613	4.30147	1.62916	3.32584	0.69063
614	4.30469	1.62274	3.32674	0.68526
615	4.30788	1.61632	3.3276	0.67989
616	4.31102	1.6099	3.3284	0.67453
617	4.31413	1.60349	3.32918	0.66918
618	4.3172	1.59708	3.32991	0.66384
619	4.32023	1.59067	3.3306	0.65851
620	4.32324	1.58427	3.33126	0.65318
621	4.32619	1.57787	3.33186	0.64787
622	4.32911	1.57147	3.33244	0.64256
623	4.332	1.56507	3.33297	0.63726
624	4.33484	1.55868	3.33346	0.63198
625	4.33766	1.5523	3.33392	0.6267
626	4.34043	1.54592	3.33433	0.62144
627	4.34316	1.53954	3.3347	0.61619
628	4.34587	1.53316	3.33505	0.61094
629	4.34853	1.5268	3.33534	0.60572
630	4.35116	1.52044	3.3356	0.6005
631	4.35377	1.51408	3.33583	0.59529
632	4.35632	1.50773	3.336	0.5901
633	4.35884	1.50138	3.33615	0.58492
634	4.36133	1.49504	3.33627	0.57976
635	4.36378	1.48871	3.33633	0.5746
636	4.3662	1.48238	3.33638	0.56946
637	4.36858	1.47606	3.33637	0.56434
638	4.37093	1.46974	3.33633	0.55923
639	4.37325	1.46344	3.33627	0.55413
640	4.37552	1.45714	3.33615	0.54905
641	4.37777	1.45084	3.336	0.54398
642	4.37999	1.44456	3.33583	0.53893
643	4.38216	1.43828	3.3356	0.5339
644	4.38431	1.43201	3.33536	0.52888
645	4.38642	1.42574	3.33507	0.52387
646	4.38849	1.41949	3.33475	0.51889
647	4.39055	1.41324	3.3344	0.51391
648	4.39255	1.407	3.334	0.50896
649	4.39453	1.40077	3.33358	0.50403
650	4.39648	1.39455	3.33313	0.4991
651	4.39839	1.38834	3.33263	0.49421
652	4.40027	1.38213	3.33212	0.48932
653	4.40212	1.37594	3.33156	0.48445
654	4.40394	1.36975	3.33097	0.4796
655	4.40573	1.36358	3.33036	0.47477
656	4.40748	1.35741	3.3297	0.46996
657	4.4092	1.35125	3.32901	0.46517
658	4.4109	1.3451	3.32831	0.46039
659	4.41255	1.33897	3.32755	0.45564
660	4.41418	1.33284	3.32678	0.4509
661	4.41578	1.32672	3.32597	0.44619
662	4.41735	1.32062	3.32512	0.44149
663	4.41889	1.31452	3.32426	0.43681
664	4.42039	1.30843	3.32336	0.43216
665	4.42187	1.30236	3.32243	0.42752
666	4.42333	1.29629	3.32148	0.4229
667	4.42474	1.29024	3.32048	0.41831
668	4.42613	1.2842	3.31946	0.41373
669	4.42749	1.27817	3.31842	0.40918
670	4.42881	1.27215	3.31734	0.40465
671	4.43012	1.26614	3.31624	0.40013
672	4.43139	1.26014	3.31511	0.39564
673	4.43263	1.25416	3.31395	0.39118
674	4.43385	1.24818	3.31277	0.38673
675	4.43503	1.24222	3.31155	0.38231
676	4.43619	1.23627	3.31031	0.3779
677	4.43732	1.23033	3.30905	0.37352
678	4.43842	1.22441	3.30775	0.36916
679	4.4395	1.21849	3.30644	0.36482
680	4.44054	1.21259	3.30509	0.36051
681	4.44156	1.20671	3.30372	0.35622
682	4.44256	1.20083	3.30233	0.35195
683	4.44352	1.19497	3.3009	0.34771
684	4.44445	1.18912	3.29946	0.34349
685	4.44537	1.18327	3.29799	0.33928
686	4.44625	1.17745	3.29649	0.33511
687	4.44711	1.17164	3.29498	0.33096
688	4.44795	1.16584	3.29343	0.32683
689	4.44875	1.16006	3.29187	0.32273
690	4.44953	1.15428	3.29028	0.31864
691	4.45029	1.14852	3.28867	0.31459
692	4.45101	1.14278	3.28703	0.31055
693	4.45172	1.13704	3.28538	0.30654
694	4.4524	1.13133	3.28369	0.30256
695	4.45305	1.12562	3.28199	0.2986
696	4.45368	1.11993	3.28027	0.29466
697	4.45428	1.11425	3.27852	0.29075
698	4.45487	1.10859	3.27676	0.28686
699	4.45542	1.10294	3.27497	0.283
700	4.45595	1.0973	3.27316	0.27916
701	4.45646	1.09168	3.27134	0.27534
702	4.45694	1.08607	3.26948	0.27156
703	4.4574	1.08048	3.26761	0.2678
704	4.45784	1.0749	3.26573	0.26405
705	4.45825	1.06933	3.26382	0.26034
706	4.45864	1.06378	3.26189	0.25665
707	4.459	1.05825	3.25995	0.25299
708	4.45934	1.05273	3.25798	0.24936
709	4.45967	1.04722	3.256	0.24574
710	4.45996	1.04173	3.254	0.24216
711	4.46024	1.03625	3.25198	0.2386
712	4.46049	1.03078	3.24994	0.23505
713	4.46072	1.02534	3.24789	0.23155
714	4.46093	1.0199	3.24581	0.22806
715	4.46112	1.01448	3.24373	0.2246
716	4.46128	1.00908	3.24162	0.22118
717	4.46142	1.00369	3.2395	0.21776
718	4.46155	0.99831	3.23736	0.21439
719	4.46164	0.99296	3.23521	0.21103
720	4.46173	0.98761	3.23304	0.2077
721	4.46178	0.98228	3.23085	0.2044
722	4.46182	0.97697	3.22865	0.20112
723	4.46184	0.97167	3.22644	0.19787
724	4.46183	0.96639	3.22421	0.19465
725	4.46181	0.96112	3.22196	0.19145
726	4.46177	0.95586	3.2197	0.18828
727	4.4617	0.95063	3.21743	0.18514
728	4.46162	0.9454	3.21515	0.18201
729	4.46151	0.9402	3.21284	0.17892
730	4.46139	0.93501	3.21053	0.17586
731	4.46125	0.92983	3.20821	0.17281
732	4.46108	0.92467	3.20586	0.1698
733	4.4609	0.91952	3.20351	0.16682
734	4.46071	0.91439	3.20115	0.16385
735	4.46048	0.90928	3.19877	0.16092
736	4.46025	0.90418	3.19638	0.15801
737	4.45999	0.8991	3.19398	0.15513
738	4.45971	0.89403	3.19157	0.15228
739	4.45942	0.88898	3.18915	0.14945
740	4.45911	0.88395	3.18671	0.14665
741	4.45878	0.87893	3.18427	0.14388
742	4.45843	0.87392	3.18182	0.14113
743	4.45806	0.86894	3.17935	0.13841
744	4.45768	0.86396	3.17688	0.13571
745	4.45728	0.859	3.17439	0.13305
746	4.45686	0.85406	3.1719	0.13041
747	4.45643	0.84914	3.16939	0.12779
748	4.45597	0.84423	3.16688	0.12521
749	4.4555	0.83934	3.16436	0.12265
750	4.45502	0.83445	3.16183	0.12011
751	4.45451	0.8296	3.15929	0.11761
752	4.45399	0.82475	3.15674	0.11513
753	4.45346	0.81992	3.15419	0.11267
754	4.4529	0.81511	3.15162	0.11025
755	4.45233	0.81031	3.14905	0.10785
756	4.45175	0.80553	3.14648	0.10548
757	4.45114	0.80076	3.14389	0.10313
758	4.45053	0.79601	3.1413	0.10081
759	4.44989	0.79128	3.1387	0.09852
760	4.44925	0.78656	3.1361	0.09626
761	4.44859	0.78185	3.13349	0.09401
762	4.4479	0.77717	3.13087	0.09181
763	4.44721	0.7725	3.12825	0.08962
764	4.4465	0.76784	3.12562	0.08746
765	4.44577	0.76321	3.12299	0.08533
766	4.44504	0.75858	3.12035	0.08322
767	4.44428	0.75398	3.11771	0.08115
768	4.44351	0.74939	3.11506	0.0791
769	4.44273	0.74481	3.11241	0.07707
770	4.44193	0.74026	3.10975	0.07508
771	4.44112	0.73572	3.1071	0.07311
772	4.4403	0.73119	3.10443	0.07116
773	4.43945	0.72668	3.10177	0.06925
774	4.4386	0.72219	3.0991	0.06735
775	4.43773	0.71771	3.09642	0.06549
776	4.43685	0.71325	3.09375	0.06365
777	4.43596	0.7088	3.09107	0.06184
778	4.43505	0.70437	3.08839	0.06006
779	4.43413	0.69996	3.08571	0.0583
780	4.43319	0.69556	3.08303	0.05656
781	4.43224	0.69118	3.08034	0.05487
782	4.43128	0.68681	3.07765	0.05319
783	4.43031	0.68246	3.07497	0.05154
784	4.42932	0.67813	3.07228	0.04992
785	4.42832	0.67381	3.06959	0.04831
786	4.42731	0.66951	3.0669	0.04674
787	4.42628	0.66522	3.06421	0.0452
788	4.42525	0.66095	3.06152	0.04368
789	4.4242	0.6567	3.05883	0.04219
790	4.42314	0.65246	3.05614	0.04073
791	4.42207	0.64823	3.05345	0.03928
792	4.42098	0.64403	3.05077	0.03788
793	4.41988	0.63984	3.04808	0.03649
794	4.41878	0.63566	3.0454	0.03513
795	4.41765	0.63151	3.04272	0.0338
796	4.41652	0.62736	3.04004	0.03248
797	4.41538	0.62324	3.03736	0.03121
798	4.41422	0.61913	3.03468	0.02995
799	4.41306	0.61503	3.03201	0.02872
800	4.41188	0.61095	3.02934	0.02752
				
				
				
				
				
				
				
				
				
				
				
				
				
				
				
				
				
				
				
				
				
				
				
				
				
				
				
				
				
				
				
				
				
				
				
				
				
				
				
				
				
				
				
				
				
				
				
				
				
				
				
				
				
				
				
				
				
				
				
				
				
				
				
				
				
				
				
				
				
				
				
				
				
				
				
				
				
				
				
				
				
				
				
				
				
				
				
				
				
				
				
				
				
				
				
				
				
				
				
				
				
				
				
				
				
				
				
				
				
				
				
				
				
				
				
				
				
				
				
				
				
				
				
				
				
				
				
				
				
				
				
				
				
				
				
				
				
				
				
				
				
				
				
				
				
				
				
				
				
				
				
				
				
				
				
				
				
				
				
				
				
				
				
				
				
				
				
				
				
				
				
				
				
				
				
				
				
				
				
				
				
				
				
				
				
				
				
				
				
				
				
				
				
				
				
				
				
				
				
				
				
				
				
				
				
				
				
