350	2.41918165348416	2.33885918528665	1.29730795888573	2.2189836457212
360	2.5042235576569		2.35864522115682	1.30314771939656	2.30013198448629
370	2.59429175319989	2.38343913707353	1.31501894972792	2.38128032325139
380	2.69439412015966	2.39819274446556	1.32688280662429	2.45338145728569
390	2.77440973296216	2.41797878033572	1.35079485629175	2.54356041055286
400	2.86949808276749	2.41266404489417	1.36868280957367	2.62470874931796
410	2.95453384983233	2.41738961797731	1.4046504254472		2.69228075091062
420	3.02452142832594	2.40705472827341	1.43459394493519	2.77343461975196
430	3.11456507543733	2.406711050231		1.4856070549026		2.86813717538453
440	3.18957280819328	2.38634812621822	1.5351288876436		2.95379805636254
450	3.26455599251764	2.37098080803617	1.58465625046084	3.02591578062556
460	3.33454357101125	2.35563803828573	1.63869062541476	3.09802797481235
470	3.39450311519597	2.34027072010369	1.70628474731238	3.17917631357744
480	3.46447841947378	2.29981490482573	1.76934973676837	3.25127744761175
490	3.52944584370505	2.27943970659715	1.84146193095515	3.31434243706773
500	3.58437295941162	2.24901192562807	1.91356306498946	3.37290041438705
510	3.6392878009024		2.21356399039665	1.9901933314654		3.42693478934096
520	3.69420264239318	2.19316424373647	2.06682912801758	3.48097469437112
530	3.73907717535927	2.16778116546134	2.15249000899559	3.51693678016841
540	3.78396398254116	2.13737793292387	2.22459667310613	3.56194054062025
550	3.83385866976959	2.12199834052602	2.30573395171875	3.58886095176299
560	3.87372532268913	2.09157055955695	2.39139483269676	3.62482303756028
570	3.90857182134633	2.07118308711256	2.4725487015381		3.65626705106841
580	3.94843847426588	2.03574742609695	2.54916790786156	3.67867491999823
590	3.97825254444494	2.01033979939022	2.6257981743375		3.70560639129345
600	4.01308676888634	1.97989974420534	2.7024229107372		3.7144600433558
610	4.05294114759008	1.95954909440836	2.77905870728938	3.7323553700727
620	4.07774733772259	1.93914934774817	2.84663623895828	3.75025069678961
630	4.10754913368585	1.90372596094836	2.91421930070343	3.76813496335403
640	4.14239563234305	1.87329817997928	2.99536210939228	3.78150668770554
650	4.17223425095371	1.84790282748835	3.07199790594446	3.79487841205704
660	4.19200801260807	1.80744701221039	3.1486281724204		3.80373759419563
670	4.21681420274059	1.7870349913344		3.22977098110926	3.81259677633422
680	4.2415958444415		1.76163963884347	3.30639571750896	3.81693788618366
690	4.26136960609587	1.74128898904649	3.3785023816195		3.82127346595685
700	4.28115564196604	1.71086120807742	3.46416326259751	3.83464519030836
710	4.30596183209855	1.68544130715489	3.54078246892097	3.83898630015779
720	4.33075574801526	1.66003368044816	3.62193080768607	3.83879827756559
730	4.35554966393197	1.63965848221957	3.69856107416201	3.83861025497338
740	4.37534797401794	1.61928328399099	3.76614413590715	3.83390969016826
750	4.39512173567231	1.58884322880611	3.86988836619428	3.83373272772854
760	4.41992792580482	1.55842772205284	3.94200056038106	3.82000707849759
770	4.43468153319684	1.543048129655		4.02766144135907	3.81530098361623
780	4.44942286637307	1.51766505137987	4.10879318989544	3.7970406718674
790	4.45915631950275	1.47719696188611	4.1899359985843		3.76975527569273
800	4.47893008115711	1.46184191791986	4.28463302414063	3.7514949639439
