300	3.32554	0.89179
301	3.32961	0.86947
302	3.33344	0.84725
303	3.33652	0.82538
304	3.33933	0.80363
305	3.34167	0.78211
306	3.34359	0.76076
307	3.34526	0.73952
308	3.34637	0.71847
309	3.34734	0.69747
310	3.34771	0.6766
311	3.34787	0.65577
312	3.34755	0.635
313	3.34685	0.61427
314	3.34577	0.59358
315	3.34409	0.57294
316	3.34216	0.55232
317	3.33941	0.53182
318	3.33648	0.51134
319	3.33261	0.49106
320	3.32849	0.47085
321	3.32355	0.4509
322	3.31819	0.43113
323	3.31216	0.41164
324	3.30556	0.39248
325	3.29846	0.3736
326	3.29068	0.35523
327	3.28256	0.33712
328	3.27372	0.3197
329	3.26467	0.30248
330	3.2549	0.28614
331	3.24505	0.26991
332	3.23452	0.25475
333	3.22394	0.23969
334	3.21287	0.22565
335	3.20174	0.21179
336	3.19028	0.19889
337	3.17876	0.18624
338	3.16705	0.17447
339	3.15529	0.16301
340	3.14344	0.15233
341	3.13158	0.142
342	3.11971	0.13238
343	3.10786	0.12312
344	3.09605	0.1145
345	3.0843	0.10623
346	3.07264	0.09855
347	3.06106	0.0912
348	3.04961	0.08439
349	3.03826	0.07789
350	3.02707	0.07187
351	3.01599	0.06614
352	3.0051	0.06087
353	2.99432	0.05583
354	2.98376	0.05124
355	2.97331	0.04684
356	2.9631	0.04285
357	2.95299	0.03903
358	2.94315	0.03561
359	2.93339	0.0323
360	2.92393	0.0294
361	2.91452	0.02656
362	2.90545	0.02412
363	2.8964	0.02171
364	2.88773	0.0197
365	2.87905	0.01769
366	2.87078	0.01605
367	2.86252	0.01443
368	2.85464	0.01308
369	2.84681	0.01179
370	2.83931	0.01069
371	2.83192	0.00965
372	2.82478	0.00874
373	2.8178	0.00792
374	2.811	0.00717
375	2.8044	0.00651
376	2.79791	0.00589
377	2.79168	0.00536
378	2.78549	0.00484
379	2.77959	0.00442
380	2.77368	0.00399
381	2.76808	0.00365
382	2.76248	0.00331
383	2.75711	0.00302
384	2.7518	0.00274
385	2.74664	0.0025
386	2.7416	0.00228
387	2.73664	0.00207
388	2.73184	0.0019
389	2.72706	0.00172
390	2.72249	0.00158
391	2.71792	0.00144
392	2.71353	0.00132
393	2.70917	0.0012
394	2.70493	0.0011
395	2.70077	0.00101
396	2.69666	9.21019E-4
397	2.69268	8.45776E-4
398	2.68871	7.71148E-4
399	2.6849	7.10244E-4
400	2.68109	6.4934E-4
401	2.67739	5.97047E-4
402	2.67374	5.47695E-4
403	2.67016	5.02393E-4
404	2.66665	4.62359E-4
405	2.66317	4.23157E-4
406	2.6598	3.90645E-4
407	2.65644	3.58133E-4
408	2.65318	3.30322E-4
409	2.64995	3.0389E-4
410	2.64677	2.79536E-4
411	2.64366	2.58024E-4
412	2.64056	2.36742E-4
413	2.63757	2.19214E-4
414	2.63457	2.01687E-4
415	2.63166	1.86355E-4
416	2.62877	1.72059E-4
417	2.62592	1.58517E-4
418	2.62314	1.46844E-4
419	2.62036	1.3517E-4
420	2.61767	1.25376E-4
421	2.61499	1.15833E-4
422	2.61236	1.07092E-4
423	2.60977	9.92836E-5
424	2.60718	9.15151E-5
425	2.60469	8.51006E-5
426	2.60219	7.86862E-5
427	2.59974	7.29543E-5
428	2.59732	6.77141E-5
429	2.59492	6.25885E-5
430	2.59258	5.83073E-5
431	2.59025	5.40261E-5
432	2.58797	5.02001E-5
433	2.58571	4.66261E-5
434	2.58346	4.31594E-5
435	2.58127	4.02847E-5
436	2.57909	3.741E-5
437	2.57695	3.48293E-5
438	2.57483	3.24078E-5
439	2.57272	3.00443E-5
440	2.57067	2.80709E-5
441	2.56862	2.60974E-5
442	2.56661	2.43178E-5
443	2.56463	2.26696E-5
444	2.56264	2.10367E-5
445	2.56072	1.97102E-5
446	2.55879	1.83836E-5
447	2.55689	1.71547E-5
448	2.55502	1.60297E-5
449	2.55316	1.49047E-5
450	2.55134	1.39604E-5
451	2.54953	1.30347E-5
452	2.54773	1.21589E-5
453	2.54597	1.13919E-5
454	2.54422	1.0625E-5
455	2.54249	9.95539E-6
456	2.54079	9.32626E-6
457	2.53908	8.70539E-6
458	2.53742	8.17465E-6
459	2.53577	7.6439E-6
460	2.53413	7.15489E-6
461	2.53252	6.71765E-6
462	2.53091	6.28042E-6
463	2.52933	5.89868E-6
464	2.52777	5.53141E-6
465	2.52621	5.17232E-6
466	2.52469	4.8705E-6
467	2.52317	4.56868E-6
468	2.52166	4.28724E-6
469	2.52018	4.03161E-6
470	2.51871	3.77599E-6
471	2.51726	3.55424E-6
472	2.51582	3.34428E-6
473	2.51438	3.13525E-6
474	2.51298	2.95946E-6
475	2.51158	2.78367E-6
476	2.51019	2.61573E-6
477	2.50883	2.46644E-6
478	2.50747	2.31714E-6
479	2.50613	2.18227E-6
480	2.50481	2.05917E-6
481	2.50348	1.93608E-6
482	2.50218	1.82773E-6
483	2.50089	1.72334E-6
484	2.49961	1.6191E-6
485	2.49835	1.52962E-6
486	2.49709	1.44015E-6
487	2.49585	1.35463E-6
488	2.49462	1.28346E-6
489	2.4934	1.21229E-6
490	2.49219	1.14474E-6
491	2.491	1.08247E-6
492	2.48981	1.0202E-6
493	2.48864	9.64046E-7
494	2.48748	9.12336E-7
495	2.48632	8.60626E-7
496	2.48518	8.14801E-7
497	2.48405	7.71083E-7
498	2.48292	7.27364E-7
499	2.48181	6.89662E-7
500	2.48071	6.52801E-7
501	2.47961	6.1595E-7
502	2.47853	5.85179E-7
503	2.47746	5.54407E-7
504	2.47639	5.24106E-7
505	2.47534	4.97637E-7
506	2.47429	4.71167E-7
507	2.47325	4.45549E-7
508	2.47223	4.23333E-7
509	2.47121	4.01117E-7
510	2.4702	3.79869E-7
511	2.4692	3.61178E-7
512	2.46821	3.42488E-7
513	2.46722	3.2473E-7
514	2.46625	3.0885E-7
515	2.46528	2.9297E-7
516	2.46431	2.77999E-7
517	2.46337	2.64561E-7
518	2.46242	2.51124E-7
519	2.46148	2.38509E-7
520	2.46056	2.27153E-7
521	2.45963	2.15797E-7
522	2.45872	2.05133E-7
523	2.45782	1.95503E-7
524	2.45691	1.85872E-7
525	2.45602	1.76778E-7
526	2.45514	1.68524E-7
527	2.45426	1.60269E-7
528	2.45339	1.52388E-7
529	2.45253	1.45165E-7
530	2.45167	1.37943E-7
531	2.45081	1.31146E-7
532	2.44998	1.2527E-7
533	2.44914	1.19395E-7
534	2.4483	1.137E-7
535	2.44748	1.0854E-7
536	2.44666	1.0338E-7
537	2.44585	9.8357E-8
538	2.44505	9.4001E-8
539	2.44425	8.9645E-8
540	2.44345	8.53342E-8
541	2.44267	8.16128E-8
542	2.44189	7.78913E-8
543	2.44111	7.41698E-8
544	2.44034	7.09558E-8
545	2.43958	6.7766E-8
546	2.43882	6.45763E-8
547	2.43807	6.17913E-8
548	2.43732	5.90956E-8
549	2.43658	5.63998E-8
550	2.43584	5.39455E-8
551	2.43512	5.16121E-8
552	2.43439	4.92787E-8
553	2.43367	4.71071E-8
554	2.43296	4.51006E-8
555	2.43224	4.30941E-8
556	2.43154	4.11767E-8
557	2.43084	3.94623E-8
558	2.43015	3.77479E-8
559	2.42945	3.60585E-8
560	2.42877	3.46018E-8
561	2.42809	3.31452E-8
562	2.42742	3.16885E-8
563	2.42675	3.04001E-8
564	2.42608	2.91367E-8
565	2.42542	2.78733E-8
566	2.42477	2.67103E-8
567	2.42412	2.56073E-8
568	2.42347	2.45043E-8
569	2.42282	2.34587E-8
570	2.42219	2.25144E-8
571	2.42155	2.15701E-8
572	2.42092	2.06381E-8
573	2.4203	1.98506E-8
574	2.41968	1.90632E-8
575	2.41906	1.82757E-8
576	2.41845	1.75619E-8
577	2.41784	1.68693E-8
578	2.41723	1.61767E-8
579	2.41663	1.55269E-8
580	2.41604	1.49281E-8
581	2.41545	1.43293E-8
582	2.41486	1.37378E-8
583	2.41427	1.32019E-8
584	2.41369	1.26661E-8
585	2.41311	1.21303E-8
586	2.41254	1.1664E-8
587	2.41198	1.122E-8
588	2.41141	1.0776E-8
589	2.41084	1.03564E-8
590	2.41029	9.9768E-9
591	2.40973	9.59718E-9
592	2.40918	9.21756E-9
593	2.40864	8.88023E-9
594	2.40809	8.54375E-9
595	2.40755	8.20727E-9
596	2.40701	7.89642E-9
597	2.40648	7.60551E-9
598	2.40595	7.3146E-9
599	2.40542	7.02859E-9
600	2.4049	6.77696E-9
601	2.40438	6.52532E-9
602	2.40386	6.27368E-9
603	2.40335	6.04412E-9
604	2.40284	5.82556E-9
605	2.40233	5.607E-9
606	2.40182	5.39357E-9
607	2.40132	5.202E-9
608	2.40083	5.01043E-9
609	2.40033	4.81885E-9
610	2.39984	4.64577E-9
611	2.39935	4.48088E-9
612	2.39886	4.316E-9
613	2.39838	4.15474E-9
614	2.3979	4.01059E-9
615	2.39742	3.86643E-9
616	2.39694	3.72228E-9
617	2.39647	3.59119E-9
618	2.39601	3.46754E-9
619	2.39554	3.34388E-9
620	2.39507	3.22139E-9
621	2.39462	3.11241E-9
622	2.39416	3.00344E-9
623	2.3937	2.89447E-9
624	2.39325	2.79136E-9
625	2.3928	2.69413E-9
626	2.39235	2.59689E-9
627	2.39191	2.49966E-9
628	2.39147	2.41536E-9
629	2.39103	2.3325E-9
630	2.39059	2.24963E-9
631	2.39015	2.16998E-9
632	2.38973	2.09857E-9
633	2.3893	2.02717E-9
634	2.38887	1.95576E-9
635	2.38844	1.88985E-9
636	2.38802	1.82705E-9
637	2.3876	1.76425E-9
638	2.38718	1.70144E-9
639	2.38677	1.6443E-9
640	2.38636	1.58728E-9
641	2.38595	1.53027E-9
642	2.38554	1.47573E-9
643	2.38514	1.42714E-9
644	2.38473	1.37855E-9
645	2.38433	1.32997E-9
646	2.38393	1.2847E-9
647	2.38354	1.24176E-9
648	2.38314	1.19882E-9
649	2.38275	1.15588E-9
650	2.38236	1.11776E-9
651	2.38197	1.0804E-9
652	2.38159	1.04304E-9
653	2.3812	1.0062E-9
654	2.38082	9.733E-10
655	2.38044	9.40401E-10
656	2.38006	9.07502E-10
657	2.37969	8.75948E-10
658	2.37932	8.46931E-10
659	2.37894	8.17915E-10
660	2.37857	7.88898E-10
661	2.37821	7.61868E-10
662	2.37784	7.36427E-10
663	2.37748	7.10986E-10
664	2.37712	6.85545E-10
665	2.37676	6.62344E-10
666	2.3764	6.39917E-10
667	2.37604	6.17491E-10
668	2.37569	5.95065E-10
669	2.37534	5.74874E-10
670	2.37499	5.5491E-10
671	2.37464	5.34946E-10
672	2.37429	5.15119E-10
673	2.37395	4.97848E-10
674	2.37361	4.80576E-10
675	2.37326	4.63305E-10
676	2.37292	4.46358E-10
677	2.37259	4.3098E-10
678	2.37225	4.15602E-10
679	2.37192	4.00223E-10
680	2.37158	3.85282E-10
681	2.37126	3.71521E-10
682	2.37093	3.5776E-10
683	2.3706	3.43999E-10
684	2.37027	3.30791E-10
685	2.36995	3.1863E-10
686	2.36963	3.06468E-10
687	2.3693	2.94306E-10
688	2.36899	2.82775E-10
689	2.36867	2.72195E-10
690	2.36835	2.61614E-10
691	2.36804	2.51034E-10
692	2.36772	2.4091E-10
693	2.36742	2.31392E-10
694	2.36711	2.21874E-10
695	2.3668	2.12356E-10
696	2.36649	2.03298E-10
697	2.36619	1.94831E-10
698	2.36588	1.86364E-10
699	2.36558	1.77896E-10
700	2.36528	1.69867E-10
701	2.36498	1.62439E-10
702	2.36468	1.55011E-10
703	2.36439	1.47583E-10
704	2.36409	1.40454E-10
705	2.3638	1.33807E-10
706	2.36351	1.2716E-10
707	2.36322	1.20513E-10
708	2.36293	1.14075E-10
709	2.36264	1.08078E-10
710	2.36235	1.02081E-10
711	2.36207	9.60846E-11
712	2.36178	9.02449E-11
713	2.3615	8.49152E-11
714	2.36122	7.95855E-11
715	2.36094	7.42558E-11
716	2.36066	6.89973E-11
717	2.36039	6.42305E-11
718	2.36011	5.94638E-11
719	2.35984	5.4697E-11
720	2.35956	4.99302E-11
721	2.35929	4.56688E-11
722	2.35902	4.14105E-11
723	2.35875	3.71523E-11
724	2.35848	3.2894E-11
725	2.35822	2.89966E-11
726	2.35795	2.51694E-11
727	2.35769	2.13423E-11
728	2.35742	1.75151E-11
729	2.35716	1.39474E-11
730	2.3569	1.05156E-11
731	2.35664	7.08382E-12
732	2.35638	3.652E-12
733	2.35613	1.58099E-12
734	2.35587	1.16246E-12
735	2.35562	7.43922E-13
736	2.35536	3.25388E-13
737	2.35511	0
738	2.35486	0
739	2.35461	0
740	2.35436	0
741	2.35411	0
742	2.35386	0
743	2.35362	0
744	2.35338	0
745	2.35313	0
746	2.35289	0
747	2.35265	0
748	2.35241	0
749	2.35217	0
750	2.35193	0
751	2.35169	0
752	2.35146	0
753	2.35122	0
754	2.35099	0
755	2.35075	0
756	2.35052	0
757	2.35029	0
758	2.35006	0
759	2.34983	0
760	2.34961	0
761	2.34938	0
762	2.34915	0
763	2.34893	0
764	2.3487	0
765	2.34848	0
766	2.34826	0
767	2.34803	0
768	2.34782	0
769	2.3476	0
770	2.34738	0
771	2.34716	0
772	2.34694	0
773	2.34673	0
774	2.34651	0
775	2.3463	0
776	2.34609	0
777	2.34587	0
778	2.34566	0
779	2.34545	0
780	2.34524	0
781	2.34503	0
782	2.34483	0
783	2.34462	0
784	2.34441	0
785	2.34421	0
786	2.34401	0
787	2.3438	0
788	2.3436	0
789	2.3434	0
790	2.3432	0
791	2.343	0
792	2.3428	0
793	2.3426	0
794	2.3424	0
795	2.3422	0
796	2.34201	0
797	2.34181	0
798	2.34162	0
799	2.34142	0
800	2.34123	0