300	2.2813	0.15483
301	2.2772	0.15266
302	2.2726	0.1505
303	2.2677	0.14833
304	2.2625	0.14617
305	2.2579	0.144
306	2.2539	0.14184
307	2.2475	0.13967
308	2.2415	0.13751
309	2.2361	0.13534
310	2.2313	0.13318
311	2.2263	0.13101
312	2.2198	0.12885
313	2.2134	0.12668
314	2.2071	0.12451
315	2.2033	0.12235
316	2.1991	0.12018
317	2.1943	0.11802
318	2.189	0.11585
319	2.1836	0.11369
320	2.178	0.11152
321	2.1735	0.10936
322	2.1694	0.10719
323	2.1626	0.10503
324	2.1567	0.10286
325	2.1521	0.1007
326	2.1471	0.09853
327	2.1419	0.09636
328	2.1357	0.0942
329	2.1306	0.09203
330	2.1262	0.08987
331	2.1228	0.0877
332	2.1181	0.08554
333	2.1117	0.08337
334	2.1074	0.08121
335	2.1034	0.07904
336	2.0996	0.07688
337	2.0958	0.07471
338	2.0919	0.07255
339	2.0886	0.07038
340	2.0856	0.06848
341	2.0828	0.06696
342	2.08	0.06543
343	2.0766	0.0639
344	2.0718	0.06189
345	2.067	0.05989
346	2.0623	0.05788
347	2.0576	0.0566
348	2.0533	0.05573
349	2.0496	0.05486
350	2.0479	0.054
351	2.0447	0.05313
352	2.0381	0.05227
353	2.0359	0.05158
354	2.0349	0.0509
355	2.0314	0.05022
356	2.028	0.04953
357	2.0246	0.04885
358	2.0224	0.04817
359	2.0195	0.04745
360	2.0154	0.04659
361	2.0119	0.04572
362	2.0091	0.04486
363	2.0086	0.04399
364	2.0052	0.04312
365	1.9994	0.04244
366	1.9968	0.04192
367	1.9946	0.0414
368	1.9932	0.04088
369	1.9897	0.04036
370	1.9864	0.03984
371	1.986	0.03931
372	1.9843	0.0388
373	1.9817	0.03828
374	1.9806	0.03777
375	1.9791	0.03725
376	1.9768	0.03674
377	1.9748	0.03622
378	1.973	0.0357
379	1.9712	0.03519
380	1.9691	0.03483
381	1.9669	0.0345
382	1.9645	0.03417
383	1.9635	0.03383
384	1.9644	0.0335
385	1.9614	0.03317
386	1.9587	0.03284
387	1.9599	0.03251
388	1.9591	0.03218
389	1.9572	0.03173
390	1.9562	0.03125
391	1.9551	0.03077
392	1.954	0.03029
393	1.9508	0.02986
394	1.9477	0.0296
395	1.9463	0.02933
396	1.946	0.02906
397	1.9462	0.02879
398	1.9439	0.02853
399	1.9431	0.02826
400	1.9438	0.02799
401	1.9428	0.02772
402	1.9418	0.02746
403	1.9412	0.02719
404	1.9415	0.02692
405	1.9419	0.02665
406	1.9392	0.02638
407	1.9376	0.02611
408	1.9369	0.02584
409	1.9356	0.02556
410	1.9347	0.02529
411	1.9349	0.02502
412	1.9337	0.02476
413	1.9324	0.02467
414	1.9334	0.02458
415	1.9332	0.02449
416	1.932	0.0244
417	1.9321	0.02431
418	1.9323	0.02422
419	1.9324	0.02413
420	1.9317	0.02404
421	1.9309	0.02395
422	1.9318	0.02366
423	1.9312	0.02337
424	1.9295	0.02308
425	1.9306	0.02279
426	1.931	0.02251
427	1.9299	0.02227
428	1.9301	0.02215
429	1.93	0.02203
430	1.9258	0.02191
431	1.9256	0.02179
432	1.9285	0.02167
433	1.9274	0.02155
434	1.9255	0.02141
435	1.9228	0.02126
436	1.9251	0.02111
437	1.928	0.02096
438	1.9281	0.02081
439	1.9265	0.02066
440	1.9236	0.02051
441	1.9263	0.02036
442	1.9283	0.02021
443	1.929	0.02008
444	1.9279	0.01998
445	1.9269	0.01987
446	1.9281	0.01976
447	1.9296	0.01966
448	1.931	0.01955
449	1.929	0.01944
450	1.9292	0.01933
451	1.9323	0.01923
452	1.9311	0.01912
453	1.9296	0.019
454	1.9295	0.01887
455	1.9311	0.01873
456	1.9334	0.01859
457	1.9312	0.01845
458	1.9293	0.01832
459	1.9278	0.01818
460	1.928	0.01804
461	1.9286	0.01793
462	1.9296	0.01787
463	1.9307	0.01781
464	1.9317	0.01775
465	1.9309	0.01769
466	1.9292	0.01763
467	1.9266	0.01757
468	1.9274	0.01751
469	1.9286	0.01745
470	1.9295	0.01737
471	1.9299	0.01725
472	1.9298	0.01713
473	1.9275	0.01701
474	1.9257	0.01689
475	1.9246	0.01677
476	1.9263	0.01665
477	1.9262	0.01653
478	1.9214	0.01641
479	1.9198	0.01629
480	1.9188	0.01617
481	1.9146	0.01605
482	1.9122	0.01602
483	1.9115	0.01598
484	1.9122	0.01595
485	1.9117	0.01592
486	1.909	0.01588
487	1.9058	0.01585
488	1.9026	0.01581
489	1.8999	0.01577
490	1.8991	0.01567
491	1.8996	0.01557
492	1.8989	0.01547
493	1.8971	0.01537
494	1.8935	0.01527
495	1.8912	0.01517
496	1.8894	0.01507
497	1.8875	0.01497
498	1.8866	0.01487
499	1.8862	0.01477
500	1.8839	0.01467
501	1.8833	0.01457
502	1.8853	0.01447
503	1.8833	0.01439
504	1.8807	0.01433
505	1.879	0.01427
506	1.8778	0.01421
507	1.8768	0.01415
508	1.8726	0.01409
509	1.871	0.01403
510	1.873	0.01397
511	1.8694	0.01391
512	1.8655	0.01386
513	1.8641	0.01384
514	1.8642	0.01381
515	1.865	0.01378
516	1.8641	0.01376
517	1.8634	0.01373
518	1.8629	0.0137
519	1.8602	0.01368
520	1.8577	0.01365
521	1.8564	0.01362
522	1.8557	0.01358
523	1.8553	0.01352
524	1.855	0.01345
525	1.8533	0.01339
526	1.8502	0.01332
527	1.8492	0.01326
528	1.8481	0.01319
529	1.8466	0.01312
530	1.8459	0.01306
531	1.8456	0.01299
532	1.8446	0.01293
533	1.8432	0.01286
534	1.8415	0.0128
535	1.8412	0.01276
536	1.8407	0.01272
537	1.8394	0.01268
538	1.8387	0.01265
539	1.8379	0.01261
540	1.8349	0.01257
541	1.8335	0.01253
542	1.8332	0.0125
543	1.8304	0.01246
544	1.8286	0.01242
545	1.8285	0.01239
546	1.8271	0.01235
547	1.8258	0.01231
548	1.8257	0.01228
549	1.8248	0.01224
550	1.8234	0.01223
551	1.8206	0.01221
552	1.8189	0.0122
553	1.8187	0.01219
554	1.8171	0.01217
555	1.8158	0.01216
556	1.8165	0.01214
557	1.8155	0.01213
558	1.8136	0.01211
559	1.8114	0.0121
560	1.8108	0.01209
561	1.812	0.01207
562	1.8102	0.01206
563	1.8083	0.01204
564	1.8078	0.01203
565	1.8067	0.01202
566	1.8055	0.012
567	1.8041	0.01199
568	1.8019	0.01197
569	1.7989	0.01187
570	1.7989	0.01176
571	1.799	0.01166
572	1.7984	0.01155
573	1.7969	0.01144
574	1.7952	0.01134
575	1.7943	0.01123
576	1.7942	0.01112
577	1.7947	0.01101
578	1.7931	0.01091
579	1.792	0.01087
580	1.792	0.01085
581	1.7906	0.01082
582	1.7887	0.0108
583	1.7871	0.01078
584	1.7866	0.01076
585	1.787	0.01074
586	1.7866	0.01071
587	1.7855	0.01069
588	1.7832	0.01067
589	1.7819	0.01065
590	1.7809	0.01063
591	1.7802	0.01061
592	1.7791	0.01061
593	1.7777	0.01061
594	1.7766	0.01061
595	1.776	0.01061
596	1.7762	0.01061
597	1.7747	0.01061
598	1.7732	0.01061
599	1.7727	0.01061
600	1.7704	0.01161
601	1.7673	0.011631
602	1.7674	0.011652
603	1.7671	0.011673
604	1.7664	0.01169
605	1.7643	0.01171
606	1.7625	0.01173
607	1.7618	0.011317
608	1.7607	0.011768
609	1.7592	0.01135
610	1.7572	0.011371
611	1.7561	0.01139
612	1.756	0.01141
613	1.7545	0.011424
614	1.7539	0.011679
615	1.7552	0.011467
616	1.7532	0.011832
617	1.7507	0.01194
618	1.7532	0.01196
619	1.753	0.011982
620	1.7506	0.012003
621	1.7481	0.01202
622	1.7458	0.01204
623	1.7439	0.01206
624	1.7439	0.012078
625	1.7441	0.012099
626	1.7423	0.01212
627	1.7403	0.01214
628	1.738	0.012153
629	1.7373	0.011725
630	1.7367	0.011746
631	1.7364	0.01176
632	1.736	0.01178
633	1.7355	0.012236
634	1.7352	0.0122
635	1.7342	0.012293
636	1.733	0.01231
637	1.7314	0.011876
638	1.7293	0.01189
639	1.7267	0.01191
640	1.7245	0.011931
641	1.7232	0.01195
642	1.7241	0.011964
643	1.7234	0.011985
644	1.722	0.012007
645	1.72	0.01202
646	1.7195	0.01204
647	1.7203	0.01206
648	1.7172	0.012543
649	1.715	0.012095
650	1.7151	0.011808
651	1.7149	0.011668
652	1.7142	0.01169
653	1.712	0.011702
654	1.711	0.012032
655	1.7109	0.011967
656	1.7102	0.011757
657	1.7094	0.012188
658	1.7084	0.012231
659	1.7052	0.012282
660	1.7025	0.012304
661	1.7031	0.01232
662	1.7033	0.011868
663	1.7034	0.01188
664	1.7013	0.011902
665	1.7001	0.01192
666	1.6998	0.012199
667	1.6984	0.011957
668	1.6972	0.01197
669	1.6969	0.012411
670	1.6958	0.01249
671	1.6946	0.012505
672	1.6946	0.012186
673	1.6936	0.01206
674	1.6914	0.012498
675	1.6906	0.0121
676	1.6892	0.012115
677	1.6868	0.011647
678	1.6862	0.011669
679	1.686	0.011682
680	1.6856	0.01219
681	1.684	0.012206
682	1.6815	0.01222
683	1.6806	0.01175
684	1.6802	0.01177
685	1.6808	0.011785
686	1.6794	0.0118
687	1.6773	0.01182
688	1.6742	0.012331
689	1.6727	0.011854
690	1.672	0.011376
691	1.6715	0.01139
692	1.6707	0.011411
693	1.6697	0.011923
694	1.6687	0.01194
695	1.6673	0.012458
696	1.6646	0.01247
697	1.6632	0.011992
698	1.6624	0.01201
699	1.662	0.011527
700	1.6615	0.01154
701	1.6611	0.01156
702	1.6606	0.011575
703	1.6602	0.01159
704	1.66	0.011116
705	1.6579	0.011235
706	1.6559	0.01164
707	1.6567	0.011657
708	1.6551	0.01167
709	1.6521	0.01169
710	1.6512	0.0112
711	1.6506	0.011218
712	1.6501	0.01174
713	1.6492	0.01176
714	1.6481	0.01126
715	1.6466	0.011279
716	1.6462	0.01078
717	1.6461	0.01131
718	1.6442	0.01081
719	1.6427	0.01082
720	1.6414	0.01084
721	1.6409	0.011118
722	1.6396	0.011388
723	1.6366	0.011401
724	1.6346	0.01142
725	1.6328	0.01109
726	1.631	0.01093
727	1.6311	0.01147
728	1.6328	0.012005
729	1.6325	0.01202
730	1.6317	0.011511
731	1.6302	0.01153
732	1.6286	0.01102
733	1.6273	0.01104
734	1.6266	0.010697
735	1.6247	0.011066
736	1.6224	0.01108
737	1.6216	0.011093
738	1.6204	0.01111
739	1.6188	0.010599
740	1.6164	0.01114
741	1.6149	0.011155
742	1.6156	0.01117
743	1.6156	0.01119
744	1.6152	0.0112
745	1.6147	0.011218
746	1.6134	0.011231
747	1.6115	0.010962
748	1.6106	0.010836
749	1.6093	0.01128
750	1.6074	0.01129
751	1.6062	0.011308
752	1.6055	0.010782
753	1.606	0.010795
754	1.6047	0.01081
755	1.6026	0.010822
756	1.6022	0.01084
757	1.602	0.01085
758	1.6019	0.01087
759	1.598	0.01088
760	1.5945	0.010899
761	1.5927	0.01091
762	1.5921	0.010927
763	1.5915	0.01094
764	1.5894	0.010752
765	1.5885	0.01042
766	1.5885	0.010376
767	1.5868	0.0099
768	1.5857	0.00991
769	1.5853	0.010472
770	1.5848	0.01049
771	1.5842	0.01105
772	1.5839	0.01107
773	1.5819	0.01108
774	1.5791	0.010541
775	1.5778	0.01
776	1.5762	0.01001
777	1.5744	0.01003
778	1.5733	0.01004
779	1.5731	0.010051
780	1.5747	0.010065
781	1.5756	0.01008
782	1.5755	0.01009
783	1.5717	0.010667
784	1.5682	0.010718
785	1.565	0.011255
786	1.5665	0.01127
787	1.5655	0.01072
788	1.5616	0.01017
789	1.5598	0.00962
790	1.5591	0.00963
791	1.5601	0.00964
792	1.5594	0.00965
793	1.5579	0.010112
794	1.5554	0.010679
795	1.5548	0.01026
796	1.5556	0.0097
797	1.5556	0.00857
798	1.5545	0.0091303
799	1.5518	0.00881
800	1.5518	0.00881