300	1.50029	1.32E-04
301	1.50004	1.31E-04
302	1.49979	1.29E-04
303	1.49955	1.28E-04
304	1.4993	1.26E-04
305	1.49906	1.25E-04
306	1.49882	1.24E-04
307	1.49859	1.22E-04
308	1.49835	1.21E-04
309	1.49812	1.19E-04
310	1.49788	1.18E-04
311	1.49766	1.17E-04
312	1.49744	1.16E-04
313	1.49722	1.14E-04
314	1.497	1.13E-04
315	1.49677	1.12E-04
316	1.49656	1.11E-04
317	1.49635	1.10E-04
318	1.49614	1.09E-04
319	1.49593	1.08E-04
320	1.49572	1.07E-04
321	1.49552	1.06E-04
322	1.49532	1.05E-04
323	1.49512	1.04E-04
324	1.49492	1.03E-04
325	1.49472	1.02E-04
326	1.49452	8.16E-05
327	1.49433	6.12E-05
328	1.49414	4.08E-05
329	1.49395	2.04E-05
330	1.49376	0
331	1.49358	0
332	1.4934	0
333	1.49321	0
334	1.49303	0
335	1.49285	0
336	1.49268	0
337	1.4925	0
338	1.49233	0
339	1.49215	0
340	1.49198	0
341	1.49182	0
342	1.49165	0
343	1.49148	0
344	1.49132	0
345	1.49115	0
346	1.49099	0
347	1.49084	0
348	1.49068	0
349	1.49052	0
350	1.49036	0
351	1.49021	0
352	1.49006	0
353	1.48991	0
354	1.48976	0
355	1.48961	0
356	1.48946	0
357	1.48932	0
358	1.48917	0
359	1.48903	0
360	1.48888	0
361	1.48874	0
362	1.4886	0
363	1.48847	0
364	1.48833	0
365	1.48819	0
366	1.48806	0
367	1.48792	0
368	1.48779	0
369	1.48766	0
370	1.48753	0
371	1.4874	0
372	1.48727	0
373	1.48715	0
374	1.48702	0
375	1.48689	0
376	1.48677	0
377	1.48665	0
378	1.48653	0
379	1.4864	0
380	1.48628	0
381	1.48617	0
382	1.48605	0
383	1.48593	0
384	1.48581	0
385	1.4857	0
386	1.48559	0
387	1.48547	0
388	1.48536	0
389	1.48525	0
390	1.48514	0
391	1.48503	0
392	1.48492	0
393	1.48481	0
394	1.48471	0
395	1.4846	0
396	1.48449	0
397	1.48439	0
398	1.48429	0
399	1.48418	0
400	1.48408	0
401	1.48398	0
402	1.48388	0
403	1.48378	0
404	1.48368	0
405	1.48358	0
406	1.48349	0
407	1.48339	0
408	1.48329	0
409	1.4832	0
410	1.4831	0
411	1.48301	0
412	1.48292	0
413	1.48283	0
414	1.48273	0
415	1.48264	0
416	1.48255	0
417	1.48246	0
418	1.48237	0
419	1.48229	0
420	1.4822	0
421	1.48211	0
422	1.48203	0
423	1.48194	0
424	1.48185	0
425	1.48177	0
426	1.48169	0
427	1.4816	0
428	1.48152	0
429	1.48144	0
430	1.48136	0
431	1.48128	0
432	1.4812	0
433	1.48112	0
434	1.48104	0
435	1.48096	0
436	1.48088	0
437	1.4808	0
438	1.48073	0
439	1.48065	0
440	1.48057	0
441	1.4805	0
442	1.48042	0
443	1.48035	0
444	1.48028	0
445	1.4802	0
446	1.48013	0
447	1.48006	0
448	1.47999	0
449	1.47992	0
450	1.47984	0
451	1.47977	0
452	1.47971	0
453	1.47964	0
454	1.47957	0
455	1.4795	0
456	1.47943	0
457	1.47936	0
458	1.4793	0
459	1.47923	0
460	1.47916	0
461	1.4791	0
462	1.47903	0
463	1.47897	0
464	1.47891	0
465	1.47884	0
466	1.47878	0
467	1.47872	0
468	1.47865	0
469	1.47859	0
470	1.47853	0
471	1.47847	0
472	1.47841	0
473	1.47835	0
474	1.47829	0
475	1.47822	0
476	1.47817	0
477	1.47811	0
478	1.47805	0
479	1.47799	0
480	1.47793	0
481	1.47788	0
482	1.47782	0
483	1.47776	0
484	1.47771	0
485	1.47765	0
486	1.47759	0
487	1.47754	0
488	1.47748	0
489	1.47743	0
490	1.47737	0
491	1.47732	0
492	1.47727	0
493	1.47721	0
494	1.47716	0
495	1.47711	0
496	1.47706	0
497	1.477	0
498	1.47695	0
499	1.4769	0
500	1.47685	0
501	1.4768	0
502	1.47675	0
503	1.4767	0
504	1.47665	0
505	1.4766	0
506	1.47655	0
507	1.4765	0
508	1.47645	0
509	1.4764	0
510	1.47636	0
511	1.47631	0
512	1.47626	0
513	1.47622	0
514	1.47617	0
515	1.47612	0
516	1.47608	0
517	1.47603	0
518	1.47598	0
519	1.47594	0
520	1.47589	0
521	1.47585	0
522	1.4758	0
523	1.47576	0
524	1.47571	0
525	1.47567	0
526	1.47563	0
527	1.47558	0
528	1.47554	0
529	1.4755	0
530	1.47546	0
531	1.47541	0
532	1.47537	0
533	1.47533	0
534	1.47529	0
535	1.47524	0
536	1.4752	0
537	1.47516	0
538	1.47512	0
539	1.47508	0
540	1.47504	0
541	1.475	0
542	1.47496	0
543	1.47492	0
544	1.47488	0
545	1.47484	0
546	1.47481	0
547	1.47477	0
548	1.47473	0
549	1.47469	0
550	1.47465	0
551	1.47461	0
552	1.47458	0
553	1.47454	0
554	1.4745	0
555	1.47446	0
556	1.47443	0
557	1.47439	0
558	1.47436	0
559	1.47432	0
560	1.47428	0
561	1.47425	0
562	1.47421	0
563	1.47418	0
564	1.47414	0
565	1.47411	0
566	1.47407	0
567	1.47404	0
568	1.474	0
569	1.47397	0
570	1.47393	0
571	1.4739	0
572	1.47387	0
573	1.47383	0
574	1.4738	0
575	1.47377	0
576	1.47373	0
577	1.4737	0
578	1.47367	0
579	1.47363	0
580	1.4736	0
581	1.47357	0
582	1.47354	0
583	1.47351	0
584	1.47347	0
585	1.47344	0
586	1.47341	0
587	1.47338	0
588	1.47335	0
589	1.47332	0
590	1.47329	0
591	1.47326	0
592	1.47323	0
593	1.4732	0
594	1.47317	0
595	1.47314	0
596	1.47311	0
597	1.47308	0
598	1.47305	0
599	1.47302	0
600	1.47299	0
601	1.47296	0
602	1.47293	0
603	1.4729	0
604	1.47288	0
605	1.47285	0
606	1.47282	0
607	1.47279	0
608	1.47276	0
609	1.47273	0
610	1.47271	0
611	1.47268	0
612	1.47265	0
613	1.47262	0
614	1.4726	0
615	1.47257	0
616	1.47254	0
617	1.47252	0
618	1.47249	0
619	1.47246	0
620	1.47244	0
621	1.47241	0
622	1.47239	0
623	1.47236	0
624	1.47233	0
625	1.47231	0
626	1.47228	0
627	1.47226	0
628	1.47223	0
629	1.47221	0
630	1.47218	0
631	1.47216	0
632	1.47213	0
633	1.47211	0
634	1.47208	0
635	1.47206	0
636	1.47203	0
637	1.47201	0
638	1.47198	0
639	1.47196	0
640	1.47194	0
641	1.47191	0
642	1.47189	0
643	1.47187	0
644	1.47184	0
645	1.47182	0
646	1.4718	0
647	1.47177	0
648	1.47175	0
649	1.47173	0
650	1.4717	0
651	1.47168	0
652	1.47166	0
653	1.47164	0
654	1.47161	0
655	1.47159	0
656	1.47157	0
657	1.47155	0
658	1.47153	0
659	1.4715	0
660	1.47148	0
661	1.47146	0
662	1.47144	0
663	1.47142	0
664	1.47139	0
665	1.47137	0
666	1.47135	0
667	1.47133	0
668	1.47131	0
669	1.47129	0
670	1.47127	0
671	1.47125	0
672	1.47123	0
673	1.47121	0
674	1.47119	0
675	1.47117	0
676	1.47115	0
677	1.47113	0
678	1.47111	0
679	1.47109	0
680	1.47107	0
681	1.47105	0
682	1.47103	0
683	1.47101	0
684	1.47099	0
685	1.47097	0
686	1.47095	0
687	1.47093	0
688	1.47091	0
689	1.47089	0
690	1.47087	0
691	1.47085	0
692	1.47083	0
693	1.47082	0
694	1.4708	0
695	1.47078	0
696	1.47076	0
697	1.47074	0
698	1.47072	0
699	1.4707	0
700	1.47069	0
701	1.47067	0
702	1.47065	0
703	1.47063	0
704	1.47061	0
705	1.4706	0
706	1.47058	0
707	1.47056	0
708	1.47054	0
709	1.47053	0
710	1.47051	0
711	1.47049	0
712	1.47047	0
713	1.47046	0
714	1.47044	0
715	1.47042	0
716	1.47041	0
717	1.47039	0
718	1.47037	0
719	1.47035	0
720	1.47034	0
721	1.47032	0
722	1.4703	0
723	1.47029	0
724	1.47027	0
725	1.47026	0
726	1.47024	0
727	1.47022	0
728	1.47021	0
729	1.47019	0
730	1.47017	0
731	1.47016	0
732	1.47014	0
733	1.47013	0
734	1.47011	0
735	1.47009	0
736	1.47008	0
737	1.47006	0
738	1.47005	0
739	1.47003	0
740	1.47002	0
741	1.47	0
742	1.46999	0
743	1.46997	0
744	1.46996	0
745	1.46994	0
746	1.46993	0
747	1.46991	0
748	1.4699	0
749	1.46988	0
750	1.46987	0
751	1.46985	0
752	1.46984	0
753	1.46982	0
754	1.46981	0
755	1.46979	0
756	1.46978	0
757	1.46977	0
758	1.46975	0
759	1.46974	0
760	1.46972	0
761	1.46971	0
762	1.4697	0
763	1.46968	0
764	1.46967	0
765	1.46965	0
766	1.46964	0
767	1.46963	0
768	1.46961	0
769	1.4696	0
770	1.46958	0
771	1.46957	0
772	1.46956	0
773	1.46954	0
774	1.46953	0
775	1.46952	0
776	1.4695	0
777	1.46949	0
778	1.46948	0
779	1.46946	0
780	1.46945	0
781	1.46944	0
782	1.46943	0
783	1.46941	0
784	1.4694	0
785	1.46939	0
786	1.46937	0
787	1.46936	0
788	1.46935	0
789	1.46934	0
790	1.46932	0
791	1.46931	0
792	1.4693	0
793	1.46929	0
794	1.46927	0
795	1.46926	0
796	1.46925	0
797	1.46924	0
798	1.46922	0
799	1.46921	0
800	1.4692	0
